date,open,high,close,low,volume,price_change,p_change,ma5,ma10,ma20,v_ma5,v_ma10,v_ma20
2018-09-18,4.03,4.09,4.08,4.02,10980.0,0.05,1.24,4.092,4.118,4.256,11472.0,13542.35,18714.62
2018-09-17,4.09,4.12,4.03,4.03,11099.0,-0.06,-1.47,4.096,4.14,4.276,11908.8,13391.75,19787.07
2018-09-14,4.15,4.19,4.09,4.09,11374.99,-0.06,-1.45,4.114,4.166,4.296,11119.0,13408.8,20455.87
2018-09-13,4.12,4.25,4.15,4.12,12414.99,0.04,0.97,4.126,4.191,4.308,12860.6,13781.91,20596.32
2018-09-12,4.09,4.16,4.11,4.08,11491.0,0.01,0.24,4.118,4.21,4.318,15150.6,15166.11,21195.17
2018-09-11,4.11,4.15,4.1,4.07,13164.0,-0.02,-0.48,4.144,4.242,4.333,15612.7,16875.41,22922.47
2018-09-10,4.12,4.19,4.12,4.11,7150.0,-0.03,-0.72,4.184,4.278,4.353,14874.7,20468.41,26972.48
2018-09-07,4.12,4.17,4.15,4.1,20083.0,0.04,0.97,4.218,4.316,4.379,15698.61,25045.21,30204.28
2018-09-06,4.24,4.27,4.11,4.1,23864.99,-0.13,-3.07,4.256,4.341,4.401,14703.21,24240.55,33129.23
2018-09-05,4.3,4.32,4.24,4.23,13801.51,-0.06,-1.4,4.302,4.374,4.42,15181.61,23685.05,35379.2
2018-09-04,4.28,4.34,4.3,4.27,9474.0,0.01,0.23,4.34,4.393,4.417,18138.11,23886.9,35292.38
2018-09-03,4.34,4.34,4.29,4.26,11269.56,-0.05,-1.15,4.372,4.411,4.41,26062.11,26182.4,35691.03
2018-08-31,4.32,4.37,4.34,4.3,15106.0,0.0,0.0,4.414,4.426,4.401,34391.8,27502.94,36153.8
2018-08-30,4.42,4.48,4.34,4.34,26257.0,-0.09,-2.03,4.426,4.424,4.396,33777.88,27410.74,37255.95
2018-08-29,4.43,4.49,4.43,4.38,28584.0,-0.03,-0.67,4.446,4.426,4.388,32188.48,27224.24,37013.59
2018-08-28,4.49,4.57,4.46,4.41,49094.0,-0.04,-0.89,4.446,4.424,4.379,29635.68,28969.54,36567.49
2018-08-27,4.4,4.55,4.5,4.38,52918.0,0.1,2.27,4.45,4.428,4.37,26302.68,33476.54,35525.12
2018-08-24,4.41,4.44,4.4,4.37,12036.4,-0.04,-0.9,4.438,4.442,4.365,20614.08,35363.34,34730.22
2018-08-23,4.43,4.45,4.44,4.34,18310.0,0.01,0.23,4.422,4.46,4.36,21043.6,42017.9,35383.75
2018-08-22,4.52,4.52,4.43,4.37,15820.01,-0.05,-1.12,4.406,4.466,4.356,22260.0,47073.36,35955.2
2018-08-21,4.47,4.58,4.48,4.41,32429.01,0.04,0.9,4.402,4.441,4.347,28303.4,46697.86,36665.26
2018-08-20,4.26,4.51,4.44,4.26,24475.0,0.12,2.78,4.406,4.409,4.334,40650.4,45199.66,36071.16
2018-08-17,4.44,4.44,4.32,4.32,14184.0,-0.04,-0.92,4.446,4.375,4.32,50112.6,44804.66,35384.66
2018-08-16,4.3,4.44,4.36,4.28,24392.0,-0.05,-1.13,4.498,4.368,4.311,62992.2,47101.16,35668.61
2018-08-15,4.54,4.6,4.41,4.38,46037.01,-0.09,-2.0,4.526,4.349,4.295,71886.71,46802.93,34982.31
2018-08-14,4.63,4.8,4.5,4.49,94164.01,-0.14,-3.02,4.48,4.334,4.281,65092.31,44165.43,33277.01
2018-08-13,4.57,4.7,4.64,4.47,71786.0,0.06,1.31,4.412,4.312,4.262,49748.91,37573.69,28992.21
2018-08-10,4.47,4.65,4.58,4.41,78582.0,0.08,1.78,4.304,4.288,4.236,39496.71,34097.09,25749.56
2018-08-09,4.21,4.54,4.5,4.18,68864.53,0.32,7.66,4.238,4.26,4.214,31210.11,28749.59,22215.39
2018-08-08,4.18,4.21,4.18,4.14,12065.0,0.02,0.48,4.172,4.245,4.195,21719.16,24837.04,19396.59
2018-08-07,4.1,4.18,4.16,4.08,17447.0,0.06,1.46,4.188,4.253,4.189,23238.56,26632.66,19583.96
2018-08-06,4.17,4.23,4.1,4.08,20525.0,-0.15,-3.53,4.212,4.259,4.191,25398.47,26942.66,19182.72
2018-08-03,4.28,4.47,4.25,4.25,37149.0,0.08,1.92,4.272,4.264,4.195,28697.47,25964.66,18677.2
2018-08-02,4.24,4.28,4.17,4.05,21409.78,-0.09,-2.11,4.282,4.254,4.189,26289.07,24236.06,17785.36
2018-08-01,4.28,4.31,4.26,4.24,19662.0,-0.02,-0.47,4.318,4.241,4.187,27954.92,23161.68,17510.12
2018-07-31,4.41,4.45,4.28,4.27,28246.59,-0.12,-2.73,4.318,4.227,4.182,30026.76,22388.58,17479.27
2018-07-30,4.3,4.45,4.4,4.26,37020.0,0.1,2.33,4.306,4.211,4.174,28486.84,20410.72,16869.24
2018-07-27,4.31,4.38,4.3,4.29,25107.0,-0.05,-1.15,4.256,4.184,4.156,23231.84,17402.02,15725.65
2018-07-26,4.28,4.35,4.35,4.23,29739.01,0.09,2.11,4.226,4.168,4.147,22183.04,15681.19,15466.8
2018-07-25,4.22,4.39,4.26,4.22,30021.19,0.04,0.95,4.164,4.144,4.128,18368.44,13956.14,14632.78
2018-07-24,4.16,4.22,4.22,4.13,20547.0,0.07,1.69,4.136,4.124,4.117,14750.4,12535.27,13922.12
2018-07-23,4.12,4.17,4.15,4.12,10745.0,0.0,0.0,4.116,4.122,4.108,12334.6,11422.77,13505.62
2018-07-20,4.01,4.17,4.15,4.01,19863.01,0.11,2.72,4.112,4.125,4.102,11572.2,11389.74,13778.92
2018-07-19,4.12,4.16,4.04,4.04,10666.0,-0.08,-1.94,4.11,4.124,4.094,9179.33,11334.66,13851.76
2018-07-18,4.15,4.18,4.12,4.12,11931.0,0.0,0.0,4.124,4.133,4.086,9543.83,11858.56,15026.82
2018-07-17,4.1,4.15,4.12,4.08,8468.0,-0.01,-0.24,4.112,4.136,4.085,10320.14,12569.96,16074.37
2018-07-16,4.17,4.18,4.13,4.12,6933.0,-0.01,-0.24,4.128,4.137,4.088,10510.94,13327.76,18032.32
2018-07-13,4.11,4.16,4.14,4.1,7898.64,0.03,0.73,4.138,4.128,4.115,11207.27,14049.28,18833.97
2018-07-12,4.09,4.15,4.11,4.06,12488.53,0.05,1.23,4.138,4.125,4.149,13489.99,15252.41,19036.58
2018-07-11,4.1,4.14,4.06,3.99,15812.53,-0.13,-3.1,4.142,4.112,4.186,14173.29,15309.42,18978.85
2018-07-10,4.22,4.22,4.2,4.15,9422.02,0.02,0.48,4.16,4.11,4.229,14819.78,15308.97,18824.26
2018-07-09,4.15,4.2,4.18,4.14,10414.63,0.04,0.97,4.146,4.094,4.264,16144.58,15588.47,18930.31
2018-07-06,4.12,4.25,4.14,4.03,19312.25,0.01,0.24,4.118,4.078,4.301,16891.29,16168.11,19409.95
2018-07-05,4.14,4.17,4.13,4.06,15905.0,-0.02,-0.48,4.112,4.063,4.346,17014.83,16368.87,19210.29
2018-07-04,4.13,4.16,4.15,4.1,19045.0,0.02,0.48,4.082,4.038,4.393,16445.56,18195.07,19673.51
2018-07-03,4.04,4.16,4.13,4.02,16046.0,0.09,2.23,4.06,4.033,4.436,15798.16,19578.77,19243.52
2018-07-02,4.1,4.14,4.04,4.01,14148.21,-0.07,-1.7,4.042,4.039,4.48,15032.36,22736.87,19295.42
2018-06-29,3.98,4.18,4.11,3.95,19929.95,0.13,3.27,4.038,4.101,4.525,15444.92,23618.65,19293.76
2018-06-28,4.04,4.08,3.98,3.95,13058.63,-0.06,-1.49,4.014,4.173,4.566,15722.9,22820.76,19209.21
2018-06-27,4.07,4.15,4.04,4.03,15808.01,0.0,0.0,3.994,4.26,4.613,19944.58,22648.28,20147.73
2018-06-26,3.99,4.07,4.04,3.96,12217.0,0.02,0.5,4.006,4.348,4.662,23359.38,22339.54,20043.26
2018-06-25,4.01,4.08,4.02,4.0,16211.0,0.03,0.75,4.036,4.433,4.711,30441.39,22272.14,20286.16
2018-06-22,3.89,4.04,3.99,3.87,21319.88,0.11,2.83,4.164,4.524,4.765,31792.39,22651.79,20722.96
2018-06-21,4.15,4.15,3.88,3.88,34167.02,-0.22,-5.37,4.332,4.628,4.826,29918.61,22051.71,20325.47
2018-06-20,4.1,4.2,4.1,4.04,32882.02,-0.09,-2.15,4.526,4.747,4.892,25351.98,21151.96,19556.02
2018-06-19,4.65,4.65,4.19,4.19,47627.01,-0.47,-10.09,4.69,4.839,4.947,21319.7,18908.27,19245.16
2018-06-15,4.83,4.87,4.66,4.63,22966.0,-0.17,-3.52,4.83,4.92,4.998,14102.9,15853.96,17866.76
2018-06-14,4.85,4.89,4.83,4.8,11951.0,-0.02,-0.41,4.884,4.948,5.022,13511.19,14968.86,17471.86
2018-06-13,4.92,4.93,4.85,4.84,11333.88,-0.07,-1.42,4.924,4.959,5.038,14184.81,15597.66,17661.71
2018-06-12,4.95,4.95,4.92,4.84,12720.62,0.03,0.61,4.968,4.965,5.054,16951.94,17647.19,18003.41
2018-06-11,4.89,4.95,4.89,4.83,11543.0,-0.04,-0.81,4.988,4.975,5.07,16496.83,17746.98,18391.43
2018-06-08,5.0,5.0,4.93,4.89,20007.45,-0.1,-1.99,5.01,4.989,5.085,17605.02,18300.18,19833.06
2018-06-07,5.05,5.07,5.03,5.01,15319.11,-0.04,-0.79,5.012,5.005,5.107,16426.53,18794.13,21307.15
2018-06-06,5.01,5.15,5.07,4.98,25169.5,0.05,1.0,4.994,5.023,5.114,17010.51,18599.22,21648.75
2018-06-05,5.01,5.03,5.02,4.96,10445.11,0.02,0.4,4.962,5.036,5.12,18342.44,17960.07,21349.82
2018-06-04,4.95,5.03,5.0,4.95,17083.92,0.06,1.22,4.962,5.055,5.128,18997.12,19582.06,22109.22
2018-06-01,4.95,4.97,4.94,4.92,14115.0,0.0,0.0,4.968,5.076,5.137,18995.34,19879.57,22260.38
2018-05-31,4.94,4.98,4.94,4.92,18239.0,0.03,0.61,4.998,5.096,5.144,21161.74,19974.87,22219.28
2018-05-30,5.0,5.05,4.91,4.86,31829.16,-0.11,-2.19,5.052,5.117,5.15,20187.94,19725.77,22569.68
2018-05-29,5.03,5.08,5.02,5.01,13718.5,-0.01,-0.2,5.11,5.142,5.156,17577.7,18359.64,22070.53
2018-05-28,5.09,5.1,5.03,5.02,17075.02,-0.06,-1.18,5.148,5.165,5.16,20167.0,19035.88,22283.08
2018-05-25,5.21,5.22,5.09,5.06,24947.0,-0.12,-2.3,5.184,5.181,5.162,20763.8,21365.95,22854.96
2018-05-24,5.19,5.23,5.21,5.18,13370.0,0.01,0.19,5.194,5.208,5.169,18788.0,23820.17,22704.86
2018-05-23,5.19,5.25,5.2,5.19,18778.0,-0.01,-0.19,5.182,5.205,5.171,19263.6,24698.27,23184.65
2018-05-22,5.21,5.28,5.21,5.14,26665.0,0.0,0.0,5.174,5.204,5.167,19141.57,24739.58,23663.1
2018-05-21,5.15,5.23,5.21,5.15,20059.0,0.07,1.36,5.182,5.2,5.166,17904.75,24636.38,23793.09
2018-05-18,5.15,5.16,5.14,5.12,15068.0,-0.01,-0.19,5.178,5.197,5.17,21968.09,24641.2,24048.87
2018-05-17,5.14,5.17,5.15,5.12,15748.0,-0.01,-0.19,5.222,5.192,5.177,28852.34,24463.7,25168.28
2018-05-16,5.25,5.26,5.16,5.15,18167.84,-0.09,-1.71,5.228,5.183,5.18,30132.94,25413.6,27061.47
2018-05-15,5.19,5.28,5.25,5.16,20480.9,0.06,1.16,5.234,5.17,5.192,30337.59,25781.42,28465.49
2018-05-14,5.33,5.34,5.19,5.16,40375.71,-0.17,-3.17,5.218,5.154,5.201,31368.01,25530.29,30254.64
2018-05-11,5.19,5.36,5.36,5.11,49489.26,0.18,3.48,5.216,5.142,5.223,27314.3,24343.97,30802.14
2018-05-10,5.2,5.21,5.18,5.12,22151.0,-0.01,-0.19,5.162,5.13,5.238,20075.05,21589.55,31295.02
2018-05-09,5.19,5.19,5.19,5.12,19191.06,0.02,0.39,5.138,5.137,5.265,20694.25,21671.02,35288.28
2018-05-08,5.2,5.22,5.17,5.11,25633.0,-0.01,-0.19,5.106,5.13,5.283,21225.24,22586.61,37458.76
2018-05-07,5.09,5.19,5.18,5.09,20107.2,0.09,1.77,5.09,5.131,5.31,19692.56,22949.8,42322.44
2018-05-04,5.06,5.09,5.09,5.03,13293.0,0.03,0.59,5.068,5.143,5.347,21373.64,23456.54,52676.89
2018-05-03,5.04,5.09,5.06,4.97,25247.01,0.03,0.6,5.098,5.162,5.389,23104.04,25872.86,54747.84
2018-05-02,5.09,5.13,5.03,5.01,21846.01,-0.06,-1.18,5.136,5.176,5.406,22647.79,28709.35,54883.86
2018-04-27,5.08,5.12,5.09,5.02,17969.6,0.02,0.39,5.154,5.214,5.42,23947.98,31149.56,54984.76
2018-04-26,5.22,5.27,5.07,5.05,28512.6,-0.17,-3.24,5.172,5.247,5.426,26207.03,34979.0,55423.31
2018-04-25,5.23,5.28,5.24,5.21,21945.0,-0.01,-0.19,5.218,5.303,5.435,25539.44,37260.31,55536.01
2018-04-24,5.12,5.28,5.25,5.09,22965.72,0.13,2.54,5.226,5.345,5.429,28641.68,41000.5,55927.76
2018-04-23,5.22,5.22,5.12,5.07,28347.0,-0.06,-1.16,5.216,5.392,5.419,34770.91,48905.54,57445.19
2018-04-20,5.33,5.33,5.18,5.14,29264.82,-0.12,-2.26,5.274,5.436,5.434,38351.14,52330.9,57400.78
2018-04-19,5.3,5.33,5.3,5.25,25174.68,0.02,0.38,5.322,5.489,5.449,43750.97,61695.09,57650.79
2018-04-18,5.27,5.31,5.28,5.15,37456.2,0.08,1.54,5.388,5.55,5.46,48981.18,81897.24,57379.41
2018-04-17,5.43,5.47,5.2,5.17,53611.86,-0.21,-3.88,5.464,5.616,5.472,53359.31,83622.82,57120.74
2018-04-16,5.38,5.44,5.41,5.21,46248.12,-0.01,-0.18,5.568,5.636,5.49,63040.16,81058.38,57362.51
2018-04-13,5.68,5.68,5.42,5.42,56264.0,-0.21,-3.73,5.598,5.625,5.489,66310.66,78819.97,56640.96
2018-04-12,5.61,5.85,5.63,5.61,51325.72,-0.03,-0.53,5.656,5.605,5.493,79639.21,75867.63,54948.01
2018-04-11,5.67,5.78,5.66,5.62,59346.84,-0.06,-1.05,5.712,5.567,5.489,114813.29,73811.72,54051.22
2018-04-10,5.57,5.95,5.72,5.51,102016.13,0.16,2.88,5.768,5.512,5.488,113886.33,70855.03,52975.04
2018-04-09,5.65,5.69,5.56,5.52,62600.61,-0.15,-2.63,5.704,5.445,5.476,99076.59,65984.83,49521.28
2018-04-04,5.82,5.88,5.71,5.66,122906.76,-0.2,-3.38,5.652,5.432,5.468,91329.27,62470.67,47712.75
2018-04-03,6.0,6.29,5.91,5.88,227196.12,-0.03,-0.51,5.554,5.409,5.447,72096.05,53606.49,42641.52
2018-04-02,5.38,5.94,5.94,5.38,54712.01,0.54,10.0,5.422,5.369,5.423,32810.14,32861.58,32665.87
2018-03-30,5.31,5.46,5.4,5.31,27967.45,0.1,1.89,5.256,5.327,5.392,27823.74,30618.66,31041.92
2018-03-29,5.2,5.34,5.3,5.2,23864.03,0.08,1.53,5.186,5.344,5.389,32893.08,33666.65,30662.59
2018-03-28,5.21,5.3,5.22,5.16,26740.62,-0.03,-0.57,5.212,5.352,5.394,33612.07,34461.95,31288.64
2018-03-27,5.16,5.29,5.25,5.16,30766.58,0.14,2.74,5.264,5.38,5.396,35116.94,34028.39,30953.67
2018-03-26,4.9,5.12,5.11,4.86,29780.01,0.06,1.19,5.316,5.411,5.396,32913.03,34290.73,30352.05
2018-03-23,5.22,5.3,5.05,5.0,53314.15,-0.38,-7.0,5.398,5.463,5.403,33413.57,35095.04,29985.99
2018-03-22,5.48,5.56,5.43,5.42,27458.97,-0.05,-0.91,5.502,5.506,5.41,34440.23,33057.73,28119.99
2018-03-21,5.51,5.65,5.48,5.45,34265.0,-0.03,-0.54,5.492,5.504,5.395,35311.84,32954.84,27748.34
2018-03-20,5.49,5.56,5.51,5.45,19747.0,-0.01,-0.18,5.496,5.485,5.375,32939.84,31676.54,26717.94
2018-03-19,5.57,5.6,5.52,5.5,32282.74,-0.05,-0.9,5.506,5.477,5.351,35668.44,32470.15,26640.19
2018-03-16,5.39,5.68,5.57,5.38,58447.42,0.19,3.53,5.528,5.456,5.327,36776.5,31465.18,26265.26
2018-03-15,5.48,5.49,5.38,5.29,31817.02,-0.12,-2.18,5.51,5.433,5.291,31675.24,27658.52,24915.0
2018-03-14,5.56,5.6,5.5,5.5,22405.0,-0.06,-1.08,5.516,5.435,5.275,30597.84,28115.33,24279.9
2018-03-13,5.63,5.66,5.56,5.53,33390.0,-0.07,-1.24,5.474,5.411,5.248,30413.24,27878.94,24792.63
2018-03-12,5.48,5.64,5.63,5.47,37823.08,0.15,2.74,5.448,5.38,5.217,29271.86,26413.37,25008.46
2018-03-09,5.41,5.55,5.48,5.38,32941.1,0.07,1.29,5.384,5.343,5.198,26153.85,24876.95,24293.3
2018-03-08,5.3,5.46,5.41,5.28,26430.02,0.12,2.27,5.356,5.313,5.185,23641.81,23182.24,24951.85
2018-03-07,5.43,5.44,5.29,5.29,21482.0,-0.14,-2.58,5.354,5.286,5.184,25632.82,22541.84,26999.77
2018-03-06,5.31,5.43,5.43,5.29,27683.1,0.12,2.26,5.348,5.264,5.213,25344.65,21759.34,28062.87
2018-03-05,5.38,5.39,5.31,5.23,22233.01,-0.03,-0.56,5.312,5.224,5.246,23554.89,20810.23,27608.76
2018-03-02,5.4,5.44,5.34,5.32,20380.91,-0.06,-1.11,5.302,5.197,5.284,23600.05,21065.34,28009.08
2018-03-01,5.24,5.41,5.4,5.21,36385.09,0.14,2.66,5.27,5.149,5.326,22722.67,22171.47,28645.63
2018-02-28,5.24,5.31,5.26,5.17,20041.12,0.01,0.19,5.218,5.114,5.368,19450.85,20444.47,30312.43
2018-02-27,5.26,5.28,5.25,5.21,18734.3,-0.01,-0.19,5.18,5.084,5.415,18174.03,21706.32,31022.08
2018-02-26,5.18,5.27,5.26,5.18,22458.82,0.08,1.54,5.136,5.053,5.458,18065.57,23603.54,31119.03
2018-02-23,5.14,5.21,5.18,5.11,15994.0,0.04,0.78,5.092,5.053,5.502,18530.64,23709.66,31368.29
2018-02-22,5.1,5.25,5.14,5.1,20026.0,0.07,1.38,5.028,5.056,5.546,21620.28,26721.46,31543.94
2018-02-14,5.02,5.09,5.07,5.01,13657.02,0.04,0.8,5.01,5.082,5.593,21438.08,31457.7,31665.44
2018-02-13,5.02,5.09,5.03,5.01,18192.0,-0.01,-0.2,4.988,5.162,5.643,25238.61,34366.4,32546.74
2018-02-12,4.88,5.1,5.04,4.88,24784.16,0.18,3.7,4.97,5.268,5.695,29141.51,34407.3,33265.41
2018-02-09,5.0,5.02,4.86,4.84,31442.23,-0.19,-3.76,5.014,5.371,5.75,28888.68,34952.82,33957.05
2018-02-08,4.97,5.1,5.05,4.92,19115.01,0.09,1.81,5.084,5.503,5.826,31822.63,35119.8,35442.59
2018-02-07,5.0,5.05,4.96,4.85,32659.64,0.02,0.41,5.154,5.621,5.886,41477.31,40180.39,36468.51
2018-02-06,5.2,5.23,4.94,4.92,37706.5,-0.32,-6.08,5.336,5.745,5.949,43494.18,40337.84,36283.17
2018-02-05,5.19,5.34,5.26,5.06,23520.02,0.05,0.96,5.566,5.862,6.011,39673.08,38634.53,35388.82
2018-02-02,5.4,5.4,5.21,5.03,46111.97,-0.19,-3.52,5.728,5.95,6.058,41016.96,39026.93,35127.22
2018-02-01,5.88,5.92,5.4,5.31,67388.42,-0.47,-8.01,5.922,6.036,6.109,38416.96,36366.42,34447.17
2018-01-31,6.06,6.08,5.87,5.85,42744.0,-0.22,-3.61,6.088,6.104,6.15,38883.48,31873.18,32126.45
2018-01-30,6.06,6.1,6.09,6.03,18601.01,0.02,0.33,6.154,6.124,6.167,37181.49,30727.09,31482.56
2018-01-29,6.18,6.24,6.07,6.01,30239.38,-0.11,-1.78,6.158,6.121,6.169,37595.98,32123.53,31520.54
2018-01-26,6.22,6.3,6.18,6.17,33112.0,-0.05,-0.8,6.172,6.129,6.168,37036.9,32961.28,30719.62
2018-01-25,6.19,6.45,6.23,6.17,69721.0,0.03,0.48,6.15,6.148,6.16,34315.88,35765.39,30068.13
2018-01-24,6.1,6.26,6.2,6.06,34234.05,0.09,1.47,6.12,6.151,6.149,24862.88,32756.64,27858.83
2018-01-23,6.14,6.16,6.11,6.09,20673.45,-0.03,-0.49,6.094,6.152,6.143,24272.68,32228.5,27167.08
2018-01-22,6.06,6.14,6.14,6.04,27444.0,0.07,1.15,6.084,6.16,6.144,26651.08,32143.12,26838.66
2018-01-19,6.07,6.1,6.07,6.05,19506.91,-0.01,-0.16,6.086,6.165,6.147,28885.65,31227.52,26253.83
2018-01-18,6.06,6.12,6.08,6.05,22456.01,0.01,0.17,6.146,6.182,6.153,37214.89,32527.93,26241.93
2018-01-17,6.07,6.12,6.07,6.01,31283.05,0.01,0.17,6.182,6.196,6.162,40650.39,32379.73,26257.43
2018-01-16,6.07,6.13,6.06,6.01,32565.41,-0.09,-1.46,6.21,6.209,6.176,40184.31,32238.03,26072.08
2018-01-15,6.37,6.39,6.15,6.11,38616.88,-0.22,-3.45,6.236,6.216,6.187,37635.16,30917.55,25235.36
2018-01-12,6.27,6.41,6.37,6.27,61153.09,0.11,1.76,6.244,6.207,6.193,33569.38,28477.96,24025.96
2018-01-11,6.21,6.29,6.26,6.15,39633.5,0.05,0.81,6.218,6.172,6.189,27840.96,24370.87,21907.62
2018-01-10,6.17,6.27,6.21,6.14,28952.67,0.02,0.32,6.21,6.146,6.188,24109.07,22961.02,20698.74
2018-01-09,6.19,6.22,6.19,6.17,19819.64,0.0,0.0,6.208,6.134,6.189,24291.75,22105.66,20094.01
2018-01-08,6.25,6.29,6.19,6.16,18288.01,-0.05,-0.8,6.196,6.128,6.196,24199.94,21534.2,19730.31
2018-01-05,6.22,6.34,6.24,6.2,32511.0,0.02,0.32,6.17,6.129,6.2,23386.54,21280.15,19977.51
2018-01-04,6.2,6.25,6.22,6.16,20974.01,0.02,0.32,6.126,6.123,6.2,20900.78,19955.93,19837.06
2018-01-03,6.13,6.25,6.2,6.1,29866.09,0.07,1.14,6.082,6.127,6.206,21812.98,20135.14,20581.46
2018-01-02,6.06,6.13,6.13,6.06,19360.6,0.07,1.16,6.06,6.143,6.215,19919.56,19906.12,20960.01
2017-12-29,6.02,6.06,6.06,6.01,14220.99,0.04,0.66,6.06,6.157,6.24,18868.46,19553.16,20913.98
2017-12-28,6.01,6.06,6.02,5.96,20082.21,0.02,0.33,6.088,6.178,6.273,19173.76,19573.97,21638.56
2017-12-27,6.09,6.13,6.0,5.99,25534.99,-0.09,-1.48,6.12,6.205,6.306,19011.08,19444.36,22859.42
2017-12-26,6.13,6.17,6.09,6.02,20399.03,-0.04,-0.65,6.172,6.229,6.336,18457.31,18436.46,23341.87
2017-12-25,6.19,6.28,6.13,6.12,14105.1,-0.07,-1.13,6.226,6.243,6.364,19892.68,18082.36,23523.72
2017-12-22,6.2,6.3,6.2,6.19,15747.46,0.02,0.32,6.254,6.263,6.392,20237.86,17926.42,24924.97
2017-12-21,6.26,6.29,6.18,6.12,19268.83,-0.08,-1.28,6.268,6.271,6.419,19974.17,18674.87,25261.64
2017-12-20,6.31,6.44,6.26,6.25,22766.11,-0.1,-1.57,6.29,6.277,6.451,19877.64,19718.19,26180.87
2017-12-19,6.27,6.46,6.36,6.27,27575.9,0.09,1.44,6.286,6.284,6.486,18415.62,21027.79,26387.27
2017-12-18,6.26,6.31,6.27,6.26,15831.01,0.0,0.0,6.26,6.286,6.522,16272.04,22013.9,26941.48
2017-12-15,6.29,6.31,6.27,6.24,14429.01,-0.02,-0.32,6.272,6.322,6.563,15614.98,22274.79,28192.92
2017-12-14,6.25,6.31,6.29,6.24,18786.18,0.05,0.8,6.274,6.368,6.604,17375.58,23703.15,31429.73
2017-12-13,6.24,6.29,6.24,6.23,15456.0,0.01,0.16,6.264,6.407,6.644,19558.74,26274.48,31675.87
2017-12-12,6.33,6.33,6.23,6.23,16858.0,-0.1,-1.58,6.282,6.442,6.686,23639.96,28247.28,32219.88
2017-12-11,6.28,6.33,6.33,6.25,12545.7,0.05,0.8,6.312,6.485,6.732,27755.76,28965.08,33016.38
2017-12-08,6.23,6.33,6.28,6.22,23232.0,0.04,0.64,6.372,6.52,6.774,28934.61,31923.51,34296.53
2017-12-07,6.31,6.34,6.24,6.23,29702.0,-0.09,-1.42,6.462,6.567,6.824,30030.72,31848.41,34551.83
2017-12-06,6.37,6.38,6.33,6.26,35862.08,-0.05,-0.78,6.55,6.624,6.875,32990.22,32643.56,34640.48
2017-12-05,6.64,6.68,6.38,6.36,37437.0,-0.25,-3.77,6.602,6.688,6.921,32854.6,31746.75,34499.12
2017-12-04,6.66,6.71,6.63,6.62,18439.96,-0.1,-1.49,6.658,6.758,6.964,30174.4,31869.05,34079.82
2017-12-01,6.67,6.8,6.73,6.61,28712.56,0.05,0.75,6.668,6.804,6.993,34912.41,34111.04,34568.32
2017-11-30,6.59,6.88,6.68,6.55,44499.5,0.09,1.37,6.672,6.839,7.012,33666.1,39156.32,35870.37
2017-11-29,6.68,6.7,6.59,6.52,35184.0,-0.07,-1.05,6.698,6.88,7.039,32296.89,37077.27,35454.98
2017-11-28,6.66,6.72,6.66,6.6,24036.0,-0.02,-0.3,6.774,6.93,7.076,30638.89,36192.48,35094.6
2017-11-27,6.72,6.73,6.68,6.54,42130.01,-0.07,-1.04,6.858,6.978,7.111,33563.7,37067.68,35373.21
2017-11-24,6.79,6.85,6.75,6.75,22481.0,-0.06,-0.88,6.94,7.028,7.141,33309.66,36669.54,36576.46
2017-11-23,6.97,6.97,6.81,6.81,37653.46,-0.16,-2.3,7.006,7.08,7.186,44646.54,37255.24,37349.19
2017-11-22,7.09,7.09,6.97,6.95,26894.0,-0.11,-1.55,7.062,7.126,7.235,41857.64,36637.4,37862.69
2017-11-21,7.06,7.13,7.08,7.0,38660.04,-0.01,-0.14,7.086,7.153,7.27,41746.07,37251.5,37752.52
2017-11-20,7.0,7.09,7.09,6.85,40859.81,0.01,0.14,7.098,7.169,7.297,40571.66,36290.59,37733.91
2017-11-17,7.09,7.11,7.08,6.82,79165.39,-0.01,-0.14,7.116,7.182,7.33,40029.42,35025.61,37299.75
2017-11-16,7.08,7.12,7.09,7.05,23708.96,0.0,0.0,7.154,7.185,7.364,29863.94,32584.42,35317.02
2017-11-15,7.11,7.15,7.09,7.06,26336.13,-0.05,-0.7,7.19,7.198,7.389,31417.15,33832.7,37776.8
2017-11-14,7.17,7.2,7.14,7.09,32788.0,-0.04,-0.56,7.22,7.222,7.424,32756.92,33996.72,41276.4
2017-11-13,7.27,7.27,7.18,7.06,38148.62,-0.09,-1.24,7.24,7.243,7.473,32009.52,33678.73,43490.1
2017-11-10,7.26,7.31,7.27,7.22,28338.0,0.0,0.0,7.248,7.253,7.517,30021.8,36483.38,46364.79
2017-11-09,7.21,7.31,7.27,7.2,31475.0,0.03,0.41,7.216,7.292,7.563,35304.9,37443.13,47780.32
2017-11-08,7.26,7.29,7.24,7.17,33035.0,0.0,0.0,7.206,7.343,7.611,36248.25,39087.98,50164.9
2017-11-07,7.2,7.26,7.24,7.18,29051.0,0.02,0.28,7.224,7.387,7.666,35236.52,38253.54,53190.56
2017-11-06,7.13,7.25,7.22,7.11,28210.01,0.11,1.55,7.246,7.424,7.718,35347.94,39177.24,56558.22
2017-11-03,7.23,7.3,7.11,7.05,54753.51,-0.11,-1.52,7.258,7.477,7.774,42944.96,39573.9,61486.42
2017-11-02,7.32,7.37,7.22,7.21,36191.73,-0.11,-1.5,7.368,7.542,7.834,39581.36,38049.62,64195.37
2017-11-01,7.38,7.42,7.33,7.31,27976.35,-0.02,-0.27,7.48,7.58,7.886,41927.7,41720.91,70087.03
2017-10-31,7.27,7.4,7.35,7.27,29608.11,0.07,0.96,7.55,7.626,7.94,41270.56,48556.07,78748.59
2017-10-30,7.7,7.71,7.28,7.25,66195.12,-0.38,-4.96,7.602,7.703,7.983,43006.53,53301.46,87402.44
2017-10-27,7.72,7.81,7.66,7.66,37935.51,-0.12,-1.54,7.696,7.78,8.015,36202.83,56246.2,86911.23
2017-10-26,7.68,7.85,7.78,7.63,47923.42,0.1,1.3,7.716,7.834,8.026,36517.88,58117.5,87976.86
2017-10-25,7.61,7.71,7.68,7.59,24690.65,0.07,0.92,7.68,7.878,8.029,41514.11,61241.83,90490.29
2017-10-24,7.75,7.75,7.61,7.58,38287.96,-0.14,-1.81,7.702,7.945,8.046,55841.58,68127.57,95443.22
2017-10-23,7.75,7.79,7.75,7.69,32176.6,-0.01,-0.13,7.804,8.011,8.062,63596.39,73939.19,97785.78
2017-10-20,7.6,7.8,7.76,7.56,39510.78,0.16,2.1,7.864,8.071,8.077,76289.57,83398.94,102428.71
2017-10-19,7.79,7.86,7.6,7.55,72904.56,-0.19,-2.44,7.952,8.125,8.091,79717.12,90341.11,112318.69
2017-10-18,8.06,8.12,7.79,7.78,96328.0,-0.33,-4.06,8.076,8.192,8.104,80969.54,98453.15,114989.56
2017-10-17,8.02,8.15,8.12,7.94,77062.03,0.07,0.87,8.188,8.253,8.1,80413.56,108941.12,112822.35
2017-10-16,8.2,8.23,8.05,8.0,95642.5,-0.15,-1.83,8.218,8.262,8.078,84281.99,121503.42,113382.6
2017-10-13,8.2,8.27,8.2,8.16,56648.49,-0.02,-0.24,8.278,8.25,8.063,90508.3,117576.27,111769.53
2017-10-12,8.35,8.4,8.22,8.15,79166.68,-0.13,-1.56,8.298,8.218,8.033,100965.1,117836.22,111436.98
2017-10-11,8.25,8.45,8.35,8.22,93548.1,0.08,0.97,8.308,8.18,8.003,115936.76,119738.75,111517.95
2017-10-10,8.3,8.35,8.27,8.18,96404.2,-0.08,-0.96,8.318,8.146,7.975,137468.67,122758.88,110780.14
2017-10-09,8.46,8.48,8.35,8.31,126774.02,0.05,0.6,8.306,8.112,7.946,158724.84,121632.36,110763.33
2017-09-29,8.27,8.45,8.3,8.19,108932.5,0.03,0.36,8.222,8.083,7.909,144644.24,121458.48,107694.56
2017-09-28,8.36,8.49,8.27,8.24,154025.0,-0.13,-1.55,8.138,8.057,7.872,134707.34,134296.27,105143.88
2017-09-27,8.2,8.43,8.4,8.09,201207.64,0.19,2.31,8.052,8.016,7.838,123540.74,131525.97,100771.98
2017-09-26,7.93,8.25,8.21,7.88,202685.05,0.28,3.53,7.974,7.947,7.794,108049.08,116703.59,92965.25
2017-09-25,7.89,7.97,7.93,7.78,56370.99,0.05,0.64,7.918,7.894,7.761,84539.87,105261.78,85572.09
2017-09-22,7.79,7.9,7.88,7.73,59248.01,0.04,0.51,7.944,7.875,7.74,98272.72,105962.8,85478.89
2017-09-21,8.0,8.0,7.84,7.8,98192.0,-0.17,-2.12,7.976,7.848,7.716,133885.19,105037.74,83917.74
2017-09-20,7.96,8.13,8.01,7.92,123749.35,0.08,1.01,7.98,7.826,7.689,139511.21,103297.14,81208.43
2017-09-19,7.98,8.07,7.93,7.92,85139.02,-0.13,-1.61,7.92,7.803,7.662,125358.09,98801.4,77178.45
2017-09-18,8.04,8.13,8.06,7.92,125035.24,0.02,0.25,7.87,7.779,7.639,125983.69,99894.3,75004.1
2017-09-15,7.86,8.23,8.04,7.85,237310.36,0.18,2.29,7.806,7.735,7.614,113652.88,93930.63,71223.79
2017-09-14,7.71,7.88,7.86,7.64,126322.06,0.15,1.95,7.72,7.686,7.588,76190.28,75991.49,62120.77
2017-09-13,7.67,7.72,7.71,7.58,52983.78,0.03,0.39,7.672,7.659,7.573,67083.08,70017.98,59992.96
2017-09-12,7.74,7.89,7.68,7.65,88267.02,-0.06,-0.78,7.686,7.64,7.56,72244.71,69226.9,59299.42
2017-09-11,7.61,7.76,7.74,7.6,63381.16,0.13,1.71,7.688,7.627,7.543,73804.91,65882.39,56754.07
2017-09-08,7.61,7.65,7.61,7.52,49997.4,-0.01,-0.13,7.664,7.605,7.523,74208.39,64994.98,55124.32
2017-09-07,7.77,7.87,7.62,7.62,80786.03,-0.16,-2.06,7.652,7.583,7.503,75792.7,62797.74,55444.95
2017-09-06,7.65,7.78,7.78,7.6,78791.95,0.09,1.17,7.646,7.552,7.488,72952.88,59119.71,54303.01
2017-09-05,7.62,7.77,7.69,7.56,96068.03,0.07,0.92,7.594,7.52,7.471,66209.1,55555.51,52680.21
2017-09-04,7.55,7.67,7.62,7.51,65398.52,0.07,0.93,7.566,7.498,7.464,57959.87,50113.9,49972.68
2017-09-01,7.62,7.63,7.55,7.5,57918.99,-0.04,-0.53,7.546,7.493,7.457,55781.57,48516.95,47989.95
2017-08-31,7.51,7.68,7.59,7.51,66586.93,0.07,0.93,7.514,7.489,7.452,49802.77,48250.04,47504.06
2017-08-30,7.51,7.57,7.52,7.49,45073.01,-0.03,-0.4,7.458,7.487,7.451,45286.54,49967.94,46244.36
2017-08-29,7.53,7.62,7.55,7.51,54821.92,0.03,0.4,7.446,7.479,7.451,44901.92,49371.94,46625.96
2017-08-28,7.4,7.54,7.52,7.4,54507.01,0.13,1.76,7.43,7.459,7.453,42267.93,47625.74,47462.22
2017-08-25,7.31,7.41,7.39,7.27,28025.0,0.08,1.09,7.44,7.44,7.461,41252.33,45253.67,49115.49
2017-08-24,7.47,7.48,7.31,7.3,44005.76,-0.15,-2.01,7.464,7.423,7.48,46697.31,48092.17,55959.21
2017-08-23,7.47,7.53,7.46,7.43,43149.89,-0.01,-0.13,7.516,7.423,7.497,54649.33,49486.31,59727.99
2017-08-22,7.56,7.58,7.47,7.45,41652.0,-0.1,-1.32,7.512,7.421,7.507,53841.95,49804.92,66544.85
2017-08-21,7.52,7.61,7.57,7.5,49429.0,0.06,0.8,7.488,7.429,7.492,52983.55,49831.46,67681.96
2017-08-18,7.5,7.62,7.51,7.46,55249.89,-0.06,-0.79,7.44,7.421,7.479,49255.01,47462.96,68530.97
2017-08-17,7.44,7.6,7.57,7.4,83765.88,0.13,1.75,7.382,7.414,7.46,49487.03,46758.07,67863.28
2017-08-16,7.35,7.48,7.44,7.33,39113.0,0.09,1.22,7.33,7.414,7.439,44323.28,42520.78,65793.74
2017-08-15,7.33,7.4,7.35,7.28,37360.0,0.02,0.27,7.33,7.423,7.423,45767.88,43879.98,66165.34
2017-08-14,7.21,7.34,7.33,7.21,30786.28,0.11,1.52,7.37,7.446,7.411,46679.36,47298.69,65973.09
2017-08-11,7.32,7.32,7.22,7.17,56410.0,-0.09,-1.23,7.402,7.482,7.398,45670.91,52977.3,68566.43
2017-08-10,7.43,7.5,7.31,7.3,57947.11,-0.13,-1.75,7.446,7.536,7.407,44029.11,63826.25,66859.83
2017-08-09,7.57,7.57,7.44,7.43,46336.01,-0.11,-1.46,7.498,7.57,7.413,40718.29,69969.67,65958.72
2017-08-08,7.49,7.57,7.55,7.44,41917.4,0.06,0.8,7.516,7.593,7.414,41992.09,83284.78,66594.07
2017-08-07,7.44,7.52,7.49,7.41,25744.01,0.05,0.67,7.522,7.554,7.411,47918.01,85532.46,67416.8
2017-08-04,7.56,7.59,7.44,7.41,48201.02,-0.13,-1.72,7.562,7.536,7.423,60283.7,89598.99,69450.1
2017-08-03,7.53,7.65,7.57,7.53,41393.01,0.04,0.53,7.626,7.505,7.442,83623.39,88968.49,70848.19
2017-08-02,7.58,7.7,7.53,7.52,52705.0,-0.05,-0.66,7.642,7.463,7.451,99221.05,89066.69,73081.06
2017-08-01,7.7,7.72,7.58,7.52,71547.03,-0.11,-1.43,7.67,7.423,7.458,124577.46,88450.69,73167.1
2017-07-31,7.67,7.73,7.69,7.61,87572.43,-0.07,-0.9,7.586,7.375,7.46,123146.91,84647.48,71662.75
2017-07-28,7.65,8.06,7.76,7.56,164899.47,0.11,1.44,7.51,7.314,7.457,118914.28,84155.55,69363.58
2017-07-27,7.6,7.68,7.65,7.49,119381.33,-0.02,-0.26,7.384,7.278,7.447,94313.59,69893.41,63023.58
2017-07-26,7.18,7.87,7.67,7.12,179487.05,0.51,7.12,7.284,7.256,7.44,78912.32,61947.76,58635.01
2017-07-25,7.27,7.27,7.16,7.13,64394.28,-0.15,-2.05,7.176,7.234,7.432,52323.91,49903.36,51506.91
2017-07-24,7.14,7.36,7.31,7.08,66409.28,0.18,2.52,7.164,7.268,7.454,46148.05,49301.13,51024.66
2017-07-21,7.17,7.21,7.13,7.09,41896.0,-0.02,-0.28,7.118,7.31,7.464,49396.82,49301.2,50281.52
2017-07-20,7.16,7.26,7.15,7.13,42375.0,0.04,0.56,7.172,7.379,7.478,45473.22,52727.9,51995.92
2017-07-19,7.08,7.18,7.13,7.01,46544.99,0.03,0.42,7.228,7.439,7.498,44983.2,57095.43,52613.07
2017-07-18,7.0,7.11,7.1,6.98,33515.0,0.02,0.28,7.292,7.493,7.525,47482.8,57883.52,52700.0
2017-07-17,7.43,7.45,7.08,6.8,82653.1,-0.32,-4.32,7.372,7.544,7.556,52454.2,58678.02,55378.37
2017-07-14,7.42,7.46,7.4,7.38,22278.02,-0.03,-0.4,7.502,7.599,7.595,49205.58,54571.62,54621.31
2017-07-13,7.46,7.51,7.43,7.4,39924.88,-0.02,-0.27,7.586,7.615,7.616,59982.58,56153.75,56552.45
2017-07-12,7.5,7.54,7.45,7.33,59043.0,-0.05,-0.67,7.65,7.624,7.636,69207.67,55322.26,60019.89
2017-07-11,7.73,7.73,7.5,7.5,58372.0,-0.23,-2.98,7.694,7.63,7.649,68284.24,53110.46,62233.29
2017-07-10,7.84,7.89,7.73,7.68,66410.01,-0.09,-1.15,7.716,7.64,7.658,64901.84,52748.19,62907.82
2017-07-07,7.72,7.83,7.82,7.65,76163.01,0.07,0.9,7.696,7.617,7.649,59937.65,51261.84,64398.26
2017-07-06,7.73,7.83,7.75,7.7,86050.32,0.08,1.04,7.644,7.576,7.646,52324.91,51263.93,65739.97
2017-07-05,7.59,7.7,7.67,7.56,54425.87,0.06,0.79,7.598,7.557,7.646,41436.85,48130.7,68967.24
2017-07-04,7.63,7.69,7.61,7.56,41459.97,-0.02,-0.26,7.566,7.557,7.659,37936.67,47516.48,82959.28
2017-07-03,7.56,7.64,7.63,7.56,41589.08,0.07,0.93,7.564,7.568,7.67,40594.54,52078.72,94211.94
2017-06-30,7.48,7.57,7.56,7.46,38099.31,0.04,0.53,7.538,7.591,7.644,42586.04,54671.01,94201.33
2017-06-29,7.52,7.58,7.52,7.49,31610.0,0.01,0.13,7.508,7.616,7.62,50202.95,56951.15,95243.2
2017-06-28,7.5,7.62,7.51,7.47,36925.0,-0.09,-1.18,7.516,7.648,7.598,54824.55,64717.52,96336.3
2017-06-27,7.52,7.64,7.6,7.47,54749.33,0.1,1.33,7.548,7.668,7.578,57096.29,71356.12,96791.34
2017-06-26,7.4,7.52,7.5,7.37,51546.54,0.09,1.22,7.572,7.676,7.552,63562.89,73067.46,95815.27
2017-06-23,7.55,7.59,7.41,7.31,76183.87,-0.15,-1.98,7.644,7.681,7.532,66755.98,77534.67,96246.51
2017-06-22,7.68,7.72,7.56,7.52,54718.0,-0.11,-1.43,7.724,7.716,7.516,63699.35,80216.02,94861.28
2017-06-21,7.75,7.79,7.67,7.62,48283.72,-0.05,-0.65,7.78,7.735,7.492,74610.49,89803.79,97817.37
2017-06-20,7.89,7.9,7.72,7.67,87082.32,-0.14,-1.78,7.788,7.76,7.472,85615.96,118402.07,99558.77
2017-06-19,7.81,7.92,7.86,7.78,67512.0,0.05,0.64,7.78,7.771,7.462,82572.03,136345.15,97795.4
2017-06-16,7.81,7.87,7.81,7.77,60900.72,-0.03,-0.38,7.718,7.697,7.442,88313.36,133731.66,96897.39
2017-06-15,7.69,7.91,7.84,7.68,109273.69,0.13,1.69,7.708,7.624,7.428,96732.68,133535.25,97698.22
2017-06-14,7.65,7.89,7.71,7.63,103311.05,0.03,0.39,7.69,7.548,7.409,104997.08,127955.09,96008.32
2017-06-13,7.52,7.74,7.68,7.47,71862.67,0.13,1.72,7.732,7.488,7.392,151188.19,122226.56,92477.83
2017-06-12,7.68,7.68,7.55,7.5,96218.68,-0.21,-2.71,7.762,7.428,7.377,190118.28,118563.09,91512.57
2017-06-09,7.74,7.87,7.76,7.73,102997.33,0.01,0.13,7.676,7.383,7.366,179149.95,114958.35,91269.17
2017-06-08,7.95,7.95,7.75,7.73,150595.69,-0.17,-2.15,7.54,7.315,7.348,170337.82,109506.55,90078.16
2017-06-07,7.8,8.1,7.92,7.7,334266.59,0.09,1.15,7.406,7.248,7.345,150913.09,105830.95,85410.95
2017-06-06,7.09,7.83,7.83,7.07,266513.12,0.71,9.97,7.244,7.184,7.326,93264.92,80715.46,71227.97
2017-06-05,7.1,7.18,7.12,7.06,41377.03,0.04,0.56,7.094,7.152,7.312,47007.89,59245.65,60897.42
2017-06-02,7.02,7.09,7.08,6.89,58936.67,0.0,0.0,7.09,7.187,7.342,50766.75,60063.12,61869.29
2017-06-01,7.07,7.1,7.08,6.91,53472.02,-0.03,-0.42,7.09,7.232,7.379,48675.27,61861.18,61450.37
2017-05-31,7.16,7.24,7.11,7.1,46025.75,0.03,0.42,7.09,7.27,7.419,60748.81,64061.56,61554.14
2017-05-26,7.1,7.15,7.08,7.04,35228.0,-0.02,-0.28,7.124,7.295,7.459,68166.01,62729.1,62960.71
2017-05-25,7.05,7.15,7.1,6.93,60171.32,0.02,0.28,7.21,7.326,7.501,71483.41,64462.05,68544.02
2017-05-24,7.0,7.1,7.08,6.85,48479.27,0.0,0.0,7.284,7.348,7.531,69359.49,67580.0,69048.8
2017-05-23,7.3,7.31,7.08,6.83,113839.69,-0.2,-2.75,7.374,7.38,7.56,75047.09,70649.77,69999.91
2017-05-22,7.61,7.66,7.28,7.19,83111.77,-0.23,-3.06,7.45,7.441,7.587,67374.31,64990.96,68926.22
2017-05-19,7.49,7.59,7.51,7.46,51814.99,0.04,0.54,7.466,7.468,7.617,57292.19,61740.47,67969.45
2017-05-18,7.52,7.55,7.47,7.43,49551.73,-0.06,-0.8,7.442,7.472,7.633,57440.7,62549.18,70720.12
2017-05-17,7.48,7.63,7.53,7.46,76917.25,0.07,0.94,7.412,7.496,7.659,65800.5,63675.45,75640.98
2017-05-16,7.36,7.53,7.46,7.2,75475.81,0.1,1.36,7.386,7.526,7.69,66252.44,61039.56,77217.87
2017-05-15,7.36,7.43,7.36,7.32,32701.18,-0.03,-0.41,7.432,7.567,7.724,62607.6,59046.73,82672.3
2017-05-12,7.3,7.46,7.39,7.23,52557.52,0.07,0.96,7.47,7.623,7.785,66188.75,63192.31,87003.22
2017-05-11,7.36,7.4,7.32,7.13,91350.75,-0.08,-1.08,7.502,7.676,7.858,67657.67,72625.99,87908.89
2017-05-10,7.7,7.75,7.4,7.36,79176.96,-0.29,-3.77,7.58,7.713,7.936,61550.4,70517.6,87101.35
2017-05-09,7.51,7.72,7.69,7.51,57251.59,0.14,1.85,7.666,7.74,8.016,55826.67,69350.06,89304.03
2017-05-08,7.54,7.62,7.55,7.5,50606.95,0.0,0.0,7.702,7.732,8.076,55485.85,72861.49,93949.32
2017-05-05,7.72,7.75,7.55,7.55,59902.1,-0.16,-2.08,7.776,7.765,8.156,60195.87,74198.43,95232.63
2017-05-04,7.8,7.85,7.71,7.7,60814.42,-0.12,-1.53,7.85,7.793,8.237,77594.31,78891.05,97205.26
2017-05-03,7.85,7.9,7.83,7.79,50558.31,-0.04,-0.51,7.846,7.821,8.314,79484.8,87606.5,98789.37
2017-05-02,7.9,7.98,7.87,7.84,55547.47,-0.05,-0.63,7.814,7.853,8.379,82873.44,93396.18,106072.94
2017-04-28,7.9,7.97,7.92,7.82,74157.06,0.0,0.0,7.762,7.88,8.454,90237.14,106297.88,117312.11
2017-04-27,7.69,8.03,7.92,7.41,146894.27,0.23,2.99,7.754,7.946,8.557,88200.98,110814.12,120119.76
2017-04-26,7.66,7.79,7.69,7.66,70266.88,0.02,0.26,7.736,8.039,8.671,80187.79,103191.8,121291.49
2017-04-25,7.63,7.79,7.67,7.61,67501.54,0.06,0.79,7.796,8.158,8.788,95728.2,103685.09,121563.73
2017-04-24,7.89,7.89,7.61,7.6,92365.93,-0.27,-3.43,7.892,8.291,8.908,103918.91,109257.99,125734.99
2017-04-21,7.78,7.88,7.88,7.73,63976.27,0.05,0.64,7.998,8.42,9.031,122358.63,115037.15,127505.53
2017-04-20,8.01,8.03,7.83,7.75,106828.31,-0.16,-2.0,8.138,8.547,9.138,133427.26,116266.84,130813.62
2017-04-19,8.16,8.16,7.99,7.91,147968.97,-0.16,-1.96,8.342,8.681,9.255,126195.8,115519.48,130929.07
2017-04-18,8.14,8.2,8.15,8.06,108455.08,0.01,0.12,8.52,8.807,9.362,111641.98,109972.23,130885.12
2017-04-17,8.51,8.51,8.14,8.06,184564.52,-0.44,-5.13,8.69,8.904,9.466,114597.07,118749.7,137391.7
2017-04-14,8.84,8.86,8.58,8.57,119319.41,-0.27,-3.05,8.842,9.028,9.571,107715.67,128326.34,134741.66
2017-04-13,8.84,8.95,8.85,8.83,70671.04,-0.03,-0.34,8.956,9.168,9.651,99106.42,129425.4,133818.71
2017-04-12,9.0,9.0,8.88,8.86,75199.86,-0.12,-1.33,9.02,9.302,9.713,104843.16,139391.18,135206.71
2017-04-11,8.94,9.0,9.0,8.74,123230.53,0.1,1.12,9.094,9.417,9.777,108302.48,139442.38,136407.22
2017-04-10,9.16,9.17,8.9,8.81,150157.53,-0.25,-2.73,9.118,9.524,9.835,122902.33,142212.0,135948.22
2017-04-07,9.17,9.22,9.15,9.12,76273.13,-0.02,-0.22,9.214,9.641,9.9,148937.0,139973.9,135714.44
2017-04-06,9.26,9.26,9.17,9.13,99354.74,-0.08,-0.86,9.38,9.729,9.962,159744.38,145360.41,146837.88
2017-04-05,9.12,9.27,9.25,9.11,92496.49,0.13,1.43,9.584,9.828,10.02,173939.2,146338.66,153470.66
2017-03-31,9.3,9.45,9.12,8.97,196229.77,-0.26,-2.77,9.74,9.916,10.066,170582.27,151798.0,155748.45
2017-03-30,9.95,9.98,9.38,9.23,280330.88,-0.6,-6.01,9.93,10.027,10.112,161521.66,156033.69,150489.4
2017-03-29,10.17,10.18,9.98,9.97,130310.0,-0.21,-2.06,10.068,10.113,10.143,131010.8,141156.97,143764.48
2017-03-28,10.05,10.25,10.19,9.96,170328.88,0.16,1.59,10.078,10.133,10.149,130976.45,138212.03,143354.09
2017-03-27,10.05,10.1,10.03,10.01,75711.8,-0.04,-0.4,10.072,10.123,10.144,118738.11,131022.24,141613.5
2017-03-24,10.07,10.12,10.07,9.96,150926.73,0.0,0.0,10.092,10.137,10.152,133013.73,133372.07,143646.24
2017-03-23,10.04,10.13,10.07,9.93,127776.57,0.04,0.4,10.124,10.145,10.163,150545.72,129684.44,142062.26
2017-03-22,10.13,10.13,10.03,10.0,130138.25,-0.13,-1.28,10.158,10.159,10.172,151303.15,131454.99,143540.79
2017-03-21,10.16,10.17,10.16,10.09,109137.2,0.03,0.3,10.188,10.194,10.19,145447.6,148315.34,150113.77
2017-03-20,10.24,10.26,10.13,10.07,147089.89,-0.1,-0.98,10.174,10.211,10.19,143306.37,160602.67,150355.46
2017-03-17,10.3,10.49,10.23,10.2,238586.7,-0.01,-0.1,10.182,10.215,10.189,133730.41,159698.9,148662.75
2017-03-16,10.18,10.27,10.24,10.16,131563.72,0.06,0.59,10.166,10.197,10.175,108823.16,144945.11,142510.61
2017-03-15,10.09,10.22,10.18,10.02,100860.51,0.09,0.89,10.16,10.172,10.167,111606.82,146371.99,140873.04
2017-03-14,10.17,10.21,10.09,10.07,98431.01,-0.08,-0.79,10.2,10.164,10.159,151183.08,148496.16,144658.57
2017-03-13,10.13,10.18,10.17,10.01,99210.12,0.02,0.2,10.248,10.165,10.167,177898.96,152204.76,145540.92
2017-03-10,10.24,10.32,10.15,10.1,114050.45,-0.06,-0.59,10.248,10.166,10.172,185667.38,153920.4,147124.06
2017-03-09,10.42,10.42,10.21,10.21,145482.0,-0.17,-1.64,10.228,10.18,10.178,181067.06,154440.08,150438.4
2017-03-08,10.36,10.54,10.38,10.27,298741.81,0.05,0.48,10.184,10.184,10.188,181137.16,155626.6,152980.04
2017-03-07,10.18,10.36,10.33,10.12,232010.44,0.16,1.57,10.128,10.185,10.184,145809.25,151912.19,145924.71
2017-03-06,10.06,10.17,10.17,9.99,138052.2,0.12,1.19,10.082,10.169,10.18,126510.56,140108.25,142218.06
2017-03-03,9.99,10.06,10.05,9.92,91048.87,0.06,0.6,10.084,10.163,10.179,122173.43,137626.6,141861.3
2017-03-02,10.13,10.14,9.99,9.95,145832.5,-0.11,-1.09,10.132,10.153,10.182,127813.09,140076.11,143700.23
2017-03-01,10.08,10.16,10.1,10.04,122102.23,0.0,0.0,10.184,10.161,10.182,130116.03,135374.08,143490.66
2017-02-28,10.2,10.24,10.1,10.03,135517.0,-0.08,-0.79,10.242,10.154,10.179,158015.13,140820.97,145582.41
2017-02-27,10.32,10.35,10.18,10.17,116366.54,-0.11,-1.07,10.256,10.168,10.172,153705.93,138877.07,149863.89
2017-02-24,10.26,10.33,10.29,10.2,119247.18,0.04,0.39,10.242,10.178,10.178,153079.76,140327.71,154940.13
2017-02-23,10.39,10.39,10.25,10.17,157347.22,-0.14,-1.35,10.174,10.176,10.177,152339.13,146436.73,170468.66
2017-02-22,10.18,10.58,10.39,10.15,261597.72,0.22,2.16,10.138,10.192,10.199,140632.13,150333.47,188712.71
2017-02-21,10.13,10.17,10.17,10.04,113971.01,0.06,0.59,10.066,10.183,10.274,123626.81,139937.23,223996.79
2017-02-20,9.95,10.13,10.11,9.92,113235.69,0.16,1.61,10.08,10.191,10.334,124048.21,144327.87,228544.81
2017-02-17,10.08,10.08,9.95,9.91,115544.01,-0.12,-1.19,10.114,10.195,10.389,127575.66,146096.01,234209.87
2017-02-16,10.03,10.08,10.07,9.97,98812.2,0.04,0.4,10.178,10.21,10.457,140534.33,147324.36,240405.64
2017-02-15,10.25,10.25,10.03,10.01,176571.16,-0.21,-2.05,10.246,10.202,10.505,160034.82,151607.25,243305.98
2017-02-14,10.29,10.36,10.24,10.21,116078.0,-0.04,-0.39,10.3,10.203,10.568,156247.65,150343.84,242029.57
2017-02-13,10.26,10.32,10.28,10.21,130872.93,0.01,0.1,10.302,10.176,10.619,164607.53,160850.71,245644.67
2017-02-10,10.45,10.49,10.27,10.26,180337.36,-0.14,-1.34,10.276,10.177,10.682,164616.35,169552.54,248946.0
2017-02-09,10.3,10.45,10.41,10.21,196314.64,0.11,1.07,10.242,10.177,10.744,154114.39,194500.59,254041.64
2017-02-08,10.24,10.31,10.3,10.2,157635.34,0.05,0.49,10.158,10.206,10.808,143179.68,227091.94,255544.54
2017-02-07,10.15,10.27,10.25,10.1,157877.36,0.1,0.98,10.106,10.365,10.883,144440.02,308056.35,263597.58
2017-02-06,10.13,10.18,10.15,10.02,130917.05,0.05,0.49,10.05,10.477,10.956,157093.89,312761.76,271923.23
2017-02-03,10.02,10.19,10.1,9.98,127827.55,0.11,1.1,10.078,10.583,11.039,174488.74,322323.74,303574.15
2017-01-26,10.07,10.09,9.99,9.96,141641.09,-0.05,-0.5,10.112,10.703,11.136,234886.8,333486.92,311035.28
2017-01-25,9.97,10.09,10.04,9.9,163937.06,0.07,0.7,10.254,10.807,11.305,311004.2,335004.71,315947.52
2017-01-24,10.32,10.32,9.97,9.95,221146.72,-0.32,-3.11,10.624,10.932,11.545,471672.68,333715.3,322328.92
2017-01-23,10.25,10.35,10.29,10.17,217891.27,0.02,0.2,10.904,11.061,11.852,468429.62,330438.64,325643.84
2017-01-20,10.15,10.44,10.27,9.92,429817.84,-0.43,-4.02,11.088,11.186,12.165,470158.75,328339.46,334005.69
2017-01-19,11.49,11.49,10.7,10.7,522228.12,-1.19,-10.01,11.294,11.311,12.472,432087.04,313582.69,339736.54
2017-01-18,11.45,12.21,11.89,11.37,967279.44,0.52,4.57,11.36,11.41,12.785,359005.22,283997.14,327628.54
2017-01-17,11.21,11.42,11.37,11.04,204931.41,0.16,1.43,11.24,11.4,13.018,195757.92,219138.81,284050.41
2017-01-16,11.2,11.37,11.21,10.7,226536.92,-0.09,-0.8,11.218,11.434,13.276,192447.66,231084.71,280288.17
2017-01-13,11.08,11.35,11.3,10.76,239459.31,0.27,2.45,11.284,11.495,13.555,186520.17,284824.57,276921.28
2017-01-12,11.28,11.34,11.03,11.01,156819.02,-0.26,-2.3,11.328,11.568,13.808,195078.33,288583.63,274361.71
2017-01-11,11.2,11.57,11.29,11.17,151042.95,0.03,0.27,11.46,11.802,14.034,208989.06,296890.33,272780.9
2017-01-10,11.55,11.56,11.26,11.25,188380.08,-0.28,-2.43,11.56,12.158,14.245,242519.69,310942.55,268464.32
2017-01-09,11.51,11.74,11.54,11.32,196899.48,0.02,0.17,11.65,12.642,14.444,269721.76,320849.04,263292.31
2017-01-06,11.65,11.73,11.52,11.23,282250.12,-0.17,-1.45,11.706,13.143,14.64,383128.96,339671.92,261054.61
2017-01-05,11.71,11.86,11.69,11.67,226372.66,-0.1,-0.85,11.808,13.632,14.841,382088.94,365890.39,259131.82
2017-01-04,11.72,11.96,11.79,11.6,318696.12,0.08,0.68,12.144,14.159,15.057,384791.61,371259.94,252501.04
2017-01-03,11.54,11.94,11.71,11.54,324390.41,-0.11,-0.93,12.756,14.635,15.301,379365.41,348962.01,241759.12
2016-12-30,11.6,12.4,11.82,11.6,763935.5,-0.21,-1.75,13.634,15.117,15.57,371976.32,329491.63,231133.21
2016-12-29,12.03,12.03,12.03,12.03,277050.0,-1.34,-10.02,14.58,15.615,15.832,296214.88,269017.99,199398.4
2016-12-28,14.86,14.86,13.37,13.37,239886.0,-1.48,-9.97,15.456,16.047,16.071,349691.84,260139.78,193735.67
2016-12-27,16.18,16.18,14.85,14.85,291565.12,-1.25,-7.76,16.174,16.265,16.261,357728.27,248671.48,191172.6
2016-12-26,16.3,16.54,16.1,15.88,287444.97,-0.45,-2.72,16.514,16.331,16.313,318558.61,225986.1,179438.05
2016-12-23,16.3,16.66,16.55,15.81,385128.31,0.14,0.85,16.6,16.246,16.306,287006.93,205735.58,167691.84
2016-12-22,17.18,17.18,16.41,15.5,544434.81,-0.55,-3.24,16.65,16.136,16.271,241821.09,182437.3,153741.26
2016-12-21,16.6,17.34,16.96,16.5,280068.12,0.41,2.48,16.638,16.05,16.241,170587.72,152373.25,134206.87
2016-12-20,16.6,16.7,16.55,16.35,95716.84,0.02,0.12,16.356,15.955,16.193,139614.68,133742.14,132384.96
2016-12-19,16.96,17.15,16.53,16.18,129686.58,-0.27,-1.61,16.148,15.966,16.171,133413.59,134556.23,133103.55
2016-12-16,16.54,17.12,16.8,16.22,159199.12,0.45,2.75,15.892,16.022,16.148,124464.24,132774.8,136763.48
2016-12-15,15.7,16.49,16.35,15.5,188267.92,0.8,5.14,15.622,16.049,16.092,123053.5,129778.8,133329.97
2016-12-14,15.68,15.92,15.55,15.42,125202.96,0.04,0.26,15.462,16.094,16.055,134158.78,127331.56,128384.44
2016-12-13,15.4,15.58,15.51,15.21,64711.37,0.26,1.71,15.554,16.256,16.06,127869.59,133673.72,128304.42
2016-12-12,15.5,15.5,15.25,15.15,84939.81,-0.2,-1.29,15.784,16.295,16.047,135698.87,132890.0,129591.0
2016-12-09,15.25,16.02,15.45,14.96,152145.44,-0.1,-0.64,16.152,16.365,16.04,141085.35,129648.09,129307.71
2016-12-08,16.02,16.12,15.55,14.6,243794.31,-0.46,-2.87,16.476,16.406,16.028,136504.11,125045.23,132184.45
2016-12-07,16.66,16.66,16.01,15.81,93757.02,-0.65,-3.9,16.726,16.431,16.011,120504.33,116040.49,124146.81
2016-12-06,17.3,17.3,16.66,16.4,103857.79,-0.43,-2.52,16.958,16.43,15.97,139477.85,131027.78,125077.3
2016-12-05,16.78,17.67,17.09,16.78,111872.21,0.02,0.12,16.806,16.376,15.899,130081.12,131650.87,128230.23
2016-12-02,16.69,17.57,17.07,16.56,129239.2,0.27,1.61,16.578,16.274,15.81,118210.83,140752.17,136013.91
2016-12-01,17.15,17.15,16.8,16.41,163795.45,-0.37,-2.15,16.336,16.135,15.741,113586.35,136881.15,145988.71
2016-11-30,15.95,17.48,17.17,15.7,188624.59,1.27,7.99,16.136,16.015,15.691,111576.64,129437.32,147198.01
2016-11-29,15.88,16.1,15.9,15.69,56874.17,-0.05,-0.31,15.902,15.864,15.604,122577.71,122935.13,144851.42
2016-11-28,15.73,16.08,15.95,15.73,52520.76,0.09,0.57,15.946,15.799,15.554,133220.62,126292.01,150070.16
2016-11-25,15.77,15.98,15.86,15.55,106116.79,0.06,0.38,15.97,15.714,15.501,163293.5,128967.33,154473.17
2016-11-24,15.92,16.21,15.8,15.4,153746.88,-0.2,-1.25,15.934,15.65,15.465,160175.94,139323.66,157634.97
2016-11-23,16.13,16.2,16.0,15.88,243629.95,-0.12,-0.74,15.894,15.591,15.442,147298.01,132253.14,160076.7
2016-11-22,15.98,16.22,16.12,15.83,110088.72,0.05,0.31,15.826,15.509,15.384,123292.54,119126.81,155770.42
2016-11-21,15.68,16.18,16.07,15.48,202885.14,0.39,2.49,15.652,15.422,15.312,119363.4,124809.59,166287.89
2016-11-18,15.55,15.82,15.68,15.47,90529.01,0.08,0.51,15.458,15.345,15.201,94641.17,131275.65,165047.24
2016-11-17,15.58,15.7,15.6,15.33,89357.23,-0.06,-0.38,15.366,15.347,15.112,118471.38,155096.27,167475.54
2016-11-16,15.32,15.75,15.66,15.1,123602.61,0.41,2.69,15.288,15.367,15.013,117208.26,164958.69,170557.14
2016-11-15,15.02,15.35,15.25,15.02,90442.99,0.15,0.99,15.192,15.344,14.9,114961.09,166767.71,176410.52
2016-11-14,15.21,15.31,15.1,14.97,79274.02,-0.12,-0.79,15.192,15.308,14.793,130255.78,173848.31,176227.6
2016-11-11,15.2,15.34,15.22,15.02,209680.06,0.01,0.07,15.232,15.287,14.702,167910.13,179979.01,176525.66
2016-11-10,15.21,15.32,15.21,15.13,83041.64,0.03,0.2,15.328,15.28,14.612,191721.16,175946.28,171874.05
2016-11-09,15.15,15.25,15.18,14.91,112366.72,-0.07,-0.46,15.446,15.292,14.531,212709.12,187900.26,171749.45
2016-11-08,15.23,15.34,15.25,14.7,166916.47,-0.05,-0.33,15.496,15.258,14.456,218574.33,192414.02,171214.27
2016-11-07,15.56,15.89,15.3,15.1,267545.75,-0.4,-2.55,15.424,15.201,14.371,217440.83,207766.19,168720.42
2016-11-04,15.73,15.84,15.7,15.21,328735.22,-0.1,-0.63,15.342,15.056,14.274,192047.89,198818.83,161047.7
2016-11-03,15.33,15.88,15.8,15.18,187981.44,0.37,2.4,15.232,14.877,14.169,160171.41,179854.81,152430.85
2016-11-02,15.08,15.55,15.43,15.06,141692.75,0.21,1.38,15.138,14.659,14.069,163091.4,176155.58,151520.54
2016-10-28,14.8,15.28,14.89,14.57,161249.0,0.0,0.0,15.02,14.455,13.99,166253.72,186053.33,160255.16
2016-10-27,15.07,15.24,14.89,14.63,140581.02,-0.26,-1.72,14.978,14.277,13.929,198091.55,178606.9,166818.59
2016-10-26,15.19,15.48,15.15,14.87,169352.83,-0.18,-1.17,14.77,14.117,13.844,205589.78,173072.31,177044.15
2016-10-25,14.66,15.45,15.33,14.5,202581.38,0.49,3.3,14.522,13.944,13.7,199538.21,167801.82,170733.62
2016-10-24,14.6,15.07,14.84,14.41,157504.38,0.16,1.09,14.18,13.769,13.555,189219.77,155598.64,163379.36
2016-10-21,13.9,14.99,14.68,13.5,320438.12,0.83,5.99,13.89,13.653,13.433,205852.93,150014.52,158143.7
2016-10-20,13.89,14.0,13.85,13.66,178072.2,-0.06,-0.43,13.576,13.54,13.318,159122.26,129674.65,149204.28
2016-10-19,13.62,13.94,13.91,13.52,139094.95,0.29,2.13,13.464,13.492,13.24,140554.84,123276.56,145017.22
2016-10-18,13.37,13.81,13.62,13.35,150989.19,0.23,1.72,13.366,13.461,13.151,136065.44,125006.9,142646.93
2016-10-17,13.11,13.48,13.39,13.05,240670.2,0.28,2.14,13.358,13.479,13.076,121977.5,126885.5,142190.75
2016-10-14,13.2,13.38,13.11,12.96,86784.74,-0.18,-1.35,13.416,13.524,13.013,94176.11,134456.98,134508.74
2016-10-13,13.4,13.53,13.29,13.19,85235.1,-0.13,-0.97,13.504,13.58,12.964,100227.05,155030.27,133415.0
2016-10-12,13.53,13.68,13.42,13.2,116647.97,-0.16,-1.18,13.52,13.57,12.909,105998.28,181015.98,135856.69
2016-10-11,13.67,13.67,13.58,13.47,80549.5,-0.1,-0.73,13.556,13.456,12.845,113948.36,173665.41,135020.79
2016-10-10,13.5,13.82,13.68,13.35,101663.22,0.13,0.96,13.6,13.34,12.776,131793.49,171160.09,134614.78
2016-09-30,13.3,13.78,13.55,13.22,117039.47,0.18,1.35,13.632,13.213,12.706,174737.86,166272.89,134376.95
2016-09-29,13.55,13.68,13.37,13.18,114091.26,-0.23,-1.69,13.656,13.096,12.641,209833.49,168733.9,137201.65
2016-09-28,13.47,13.9,13.6,13.28,156398.33,-0.2,-1.45,13.62,12.988,12.605,256033.68,166757.88,146251.6
2016-09-27,13.75,13.88,13.8,13.18,169775.19,-0.04,-0.29,13.356,12.841,12.535,233382.46,160286.96,146436.88
2016-09-26,13.8,14.12,13.84,13.23,316385.06,0.17,1.24,13.08,12.672,12.452,210526.68,157495.99,142792.68
2016-09-23,13.14,13.83,13.67,13.09,292517.62,0.48,3.64,12.794,12.502,12.361,157807.91,134560.5,132446.69
2016-09-22,12.3,13.51,13.19,12.18,345092.22,0.91,7.41,12.536,12.348,12.277,127634.32,111799.73,122273.15
2016-09-21,12.4,12.48,12.28,12.22,43142.21,-0.14,-1.13,12.356,12.247,12.216,77482.08,90697.39,114456.92
2016-09-20,12.49,12.5,12.42,12.31,55496.31,0.01,0.08,12.326,12.234,12.19,87191.45,96376.17,117928.41
2016-09-19,12.31,12.49,12.41,12.31,52791.18,0.03,0.24,12.264,12.212,12.183,104465.3,98069.47,122264.66
2016-09-14,12.2,12.39,12.38,12.02,141649.66,0.09,0.73,12.21,12.198,12.18,111313.09,102481.01,130487.04
2016-09-13,12.06,12.48,12.29,12.05,94331.06,0.16,1.32,12.16,12.185,12.174,95965.13,105669.4,134001.82
2016-09-12,11.92,12.16,12.13,11.87,91689.04,0.02,0.17,12.138,12.222,12.169,103912.69,125745.31,144306.17
2016-09-09,12.07,12.19,12.11,12.0,141865.56,-0.03,-0.25,12.142,12.228,12.183,105560.89,132586.8,159915.22
2016-09-08,12.13,12.17,12.14,11.96,87030.12,0.01,0.08,12.16,12.232,12.157,91673.63,128089.37,159994.52
2016-09-07,12.14,12.29,12.13,12.12,64909.89,-0.05,-0.41,12.186,12.219,12.122,93648.93,130332.89,163551.72
2016-09-06,12.18,12.23,12.18,11.87,134068.86,0.03,0.25,12.21,12.205,12.092,115373.66,132746.57,169339.62
2016-09-05,12.22,12.46,12.15,12.13,99930.0,-0.05,-0.41,12.306,12.185,12.058,147577.92,138216.46,170043.21
2016-09-02,12.27,12.39,12.2,12.11,72429.3,-0.07,-0.57,12.314,12.145,12.026,159612.72,139480.65,176538.65
2016-09-01,12.21,12.38,12.27,11.99,96906.6,0.02,0.16,12.304,12.153,11.982,164505.11,146459.85,185912.77
2016-08-31,12.65,12.74,12.25,12.16,173533.52,-0.41,-3.24,12.252,12.161,11.943,167016.85,158493.07,193740.18
2016-08-30,12.27,12.76,12.66,12.18,295090.19,0.47,3.86,12.2,12.162,11.901,150119.49,162334.24,193090.18
2016-08-29,12.15,12.31,12.19,11.99,160104.0,0.04,0.33,12.064,12.115,11.839,128854.99,162867.02,189537.19
2016-08-26,12.01,12.3,12.15,11.93,96891.23,0.14,1.17,11.976,12.137,11.799,119348.57,187243.64,192307.45
2016-08-25,11.99,12.16,12.01,11.75,109465.32,0.02,0.17,12.002,12.081,11.77,128414.59,191899.67,203915.35
2016-08-24,11.9,12.15,11.99,11.86,89046.69,0.01,0.08,12.07,12.025,11.737,149969.29,196770.55,219747.74
2016-08-23,11.73,12.1,11.98,11.71,188767.73,0.23,1.96,12.124,11.979,11.706,174548.99,205932.66,239845.52
2016-08-22,12.2,12.28,11.75,11.62,112571.89,-0.53,-4.32,12.166,11.931,11.66,196879.05,201869.97,246929.21
2016-08-19,12.3,12.6,12.28,12.08,142221.34,-0.07,-0.57,12.298,11.906,11.594,255138.71,213596.65,258115.69
2016-08-18,12.1,12.59,12.35,12.09,217238.81,0.09,0.73,12.16,11.811,11.485,255384.75,225365.69,274719.87
2016-08-17,12.08,12.49,12.26,12.01,211945.17,0.07,0.57,11.98,11.725,11.338,243571.8,228987.29,275081.33
2016-08-16,12.4,12.45,12.19,12.0,300418.06,-0.22,-1.77,11.834,11.64,11.18,237316.33,223846.13,275231.71
2016-08-15,11.61,12.51,12.41,11.55,403870.16,0.82,7.08,11.696,11.563,11.011,206860.88,216207.35,263403.55
2016-08-12,11.45,11.69,11.59,11.35,143451.56,0.14,1.22,11.514,11.46,10.833,172054.59,197371.26,250229.34
2016-08-11,11.45,11.56,11.45,11.21,158174.06,-0.08,-0.69,11.462,11.458,10.689,195346.63,215931.03,247369.5
2016-08-10,11.5,11.72,11.53,11.28,180667.83,0.03,0.26,11.47,11.448,10.556,214402.77,242724.93,242909.8
2016-08-09,11.39,11.64,11.5,11.32,148140.81,0.0,0.0,11.446,11.433,10.424,210375.93,273758.37,240141.4
2016-08-08,11.19,11.59,11.5,11.03,229838.7,0.17,1.5,11.43,11.388,10.282,225553.82,291988.44,237324.67
2016-08-05,11.58,11.58,11.33,10.9,259911.73,-0.16,-1.39,11.406,11.281,10.137,222687.93,302634.73,228716.37
2016-08-04,11.32,11.77,11.49,11.22,253454.77,0.08,0.7,11.454,11.158,10.004,236515.44,324074.05,220625.56
2016-08-03,11.29,11.6,11.41,11.15,160533.62,-0.01,-0.09,11.426,10.951,9.861,271047.09,321175.38,211404.6
2016-08-02,11.3,11.58,11.42,11.13,224030.28,0.04,0.35,11.42,10.72,9.725,337140.82,326617.29,208477.58
2016-08-01,11.3,11.49,11.38,11.12,215509.23,-0.19,-1.64,11.346,10.458,9.586,358423.06,310599.74,200390.95
2016-07-29,11.34,11.8,11.57,11.02,329049.28,0.22,1.94,11.156,10.205,9.447,382581.54,303087.42,194131.85
2016-07-28,11.05,11.65,11.35,10.61,426113.06,-0.03,-0.26,10.862,9.919,9.292,411632.66,278807.98,180849.7
2016-07-27,10.9,11.58,11.38,10.42,491002.25,0.33,2.99,10.476,9.664,9.146,371303.67,243094.68,162540.54
2016-07-26,10.27,11.22,11.05,10.11,330441.5,0.62,5.94,10.02,9.414,9.003,316093.76,206524.42,141857.2
2016-07-25,10.01,10.48,10.43,9.81,336301.62,0.33,3.27,9.57,9.175,8.876,262776.42,182660.9,130775.47
2016-07-22,9.38,10.2,10.1,9.33,474304.88,0.68,7.22,9.254,8.993,8.773,223593.29,154798.01,117428.67
2016-07-21,9.08,9.42,9.42,9.01,224468.09,0.32,3.52,8.976,8.849,8.68,145983.29,117177.07,98791.39
2016-07-20,8.79,9.19,9.1,8.75,214952.72,0.3,3.41,8.852,8.771,8.628,114885.69,101633.83,95323.21
2016-07-19,8.82,8.87,8.8,8.66,63854.77,-0.05,-0.56,8.808,8.73,8.581,96955.08,90337.86,88032.66
2016-07-18,8.72,8.99,8.85,8.66,140385.98,0.14,1.61,8.78,8.713,8.543,102545.39,90182.17,90868.2
2016-07-15,8.8,8.9,8.71,8.7,86254.91,-0.09,-1.02,8.732,8.689,8.512,86002.73,85176.28,86196.07
2016-07-14,8.88,8.94,8.8,8.76,68980.05,-0.08,-0.9,8.722,8.664,8.49,88370.84,82891.42,85223.34
2016-07-13,8.69,8.9,8.88,8.64,125299.69,0.22,2.54,8.69,8.627,8.459,88381.96,81986.4,85504.88
2016-07-12,8.61,8.67,8.66,8.44,91806.31,0.05,0.58,8.652,8.591,8.431,83720.65,77189.98,83795.11
2016-07-11,8.67,8.76,8.61,8.6,57672.67,-0.05,-0.58,8.646,8.576,8.401,77818.95,78890.05,83111.73
2016-07-08,8.69,8.74,8.66,8.46,98095.47,0.02,0.23,8.646,8.552,8.376,84349.83,80059.33,83991.08
2016-07-07,8.68,8.69,8.64,8.58,69035.68,-0.05,-0.57,8.606,8.51,8.376,77411.99,80405.72,82284.55
2016-07-06,8.65,8.77,8.69,8.6,101993.11,0.06,0.69,8.564,8.485,8.379,75590.84,89012.6,83066.7
2016-07-05,8.62,8.69,8.63,8.57,62297.82,0.02,0.23,8.53,8.432,8.389,70659.31,85727.45,83107.27
2016-07-04,8.4,8.65,8.61,8.37,90327.09,0.15,1.77,8.506,8.373,8.396,79961.14,91554.23,85890.89
2016-07-01,8.47,8.56,8.46,8.42,63406.26,0.03,0.36,8.458,8.335,8.406,75768.83,87215.87,89569.81
2016-06-30,8.52,8.57,8.43,8.38,59929.93,-0.09,-1.06,8.414,8.315,8.408,83399.45,87555.26,92899.92
2016-06-29,8.51,8.64,8.52,8.48,77335.43,0.01,0.12,8.406,8.291,8.411,102434.36,89023.35,96957.59
2016-06-28,8.35,8.58,8.51,8.3,108807.0,0.14,1.67,8.334,8.27,8.384,100795.6,90400.24,95505.55
2016-06-27,8.17,8.38,8.37,8.17,69365.55,0.13,1.58,8.24,8.225,8.356,103147.31,87333.41,92503.08
2016-06-24,8.32,8.4,8.24,8.01,101559.36,-0.15,-1.79,8.212,8.2,8.334,98662.9,87922.83,91932.24
2016-06-23,8.19,8.39,8.39,7.99,155104.48,0.23,2.82,8.216,8.242,8.32,91711.07,84163.38,89119.55
2016-06-22,8.0,8.16,8.16,7.97,69141.61,0.12,1.49,8.176,8.273,8.296,75612.34,77120.8,84917.14
2016-06-21,8.29,8.36,8.04,8.0,120565.56,-0.19,-2.31,8.206,8.345,8.293,80004.89,80487.08,86026.08
2016-06-20,8.26,8.31,8.23,8.11,46943.51,-0.03,-0.36,8.21,8.419,8.293,71519.51,80227.56,81846.28
2016-06-17,8.19,8.45,8.26,8.17,66800.18,0.07,0.85,8.188,8.476,8.278,77182.76,91923.74,82385.35
2016-06-16,8.35,8.41,8.19,8.15,74610.85,-0.12,-1.44,8.268,8.5,8.262,76615.7,98244.58,82010.92
2016-06-15,7.9,8.43,8.31,7.9,91104.33,0.25,3.1,8.37,8.531,8.268,78629.25,104891.83,82879.69
2016-06-14,8.09,8.18,8.06,7.9,78138.7,-0.06,-0.74,8.484,8.498,8.259,80969.27,100610.86,82270.78
2016-06-13,8.59,8.63,8.12,8.09,75259.72,-0.54,-6.24,8.628,8.486,8.251,88935.6,97672.76,79788.94
2016-06-08,8.73,8.8,8.66,8.6,63964.9,-0.04,-0.46,8.764,8.468,8.24,106664.73,95941.66,77894.91
2016-06-07,8.9,8.92,8.7,8.63,84678.61,-0.18,-2.03,8.732,8.398,8.207,119873.46,94075.72,76585.68
2016-06-06,8.85,9.03,8.88,8.78,102804.42,0.1,1.14,8.692,8.318,8.176,131154.41,92713.49,74622.02
2016-06-03,8.76,9.02,8.78,8.71,117970.35,-0.02,-0.23,8.512,8.24,8.131,120252.46,91565.07,73656.97
2016-06-02,8.57,8.98,8.8,8.45,163905.36,0.3,3.53,8.344,8.166,8.114,106409.91,83465.0,72502.35
2016-06-01,8.51,8.75,8.5,8.47,130008.56,0.0,0.0,8.172,8.08,8.119,85218.59,72846.96,67900.88
2016-05-31,7.97,8.53,8.5,7.97,141083.38,0.52,6.52,8.064,8.024,8.134,68277.97,65777.26,65987.19
2016-05-30,7.9,8.08,7.98,7.85,48294.63,0.04,0.5,7.944,8.004,8.152,54272.57,60867.55,62305.12
2016-05-27,7.95,8.06,7.94,7.88,48757.63,0.0,0.0,7.968,8.02,8.182,62877.69,63930.69,62399.38
2016-05-26,7.96,7.99,7.94,7.78,57948.73,-0.02,-0.25,7.988,8.015,8.219,60520.09,61905.12,63109.65
2016-05-25,7.97,8.04,7.96,7.88,45305.48,0.06,0.76,7.988,8.011,8.257,60475.34,59848.16,63365.78
2016-05-24,8.05,8.15,7.9,7.87,71056.37,-0.2,-2.47,7.984,8.015,8.295,63276.56,59095.65,63282.96
2016-05-23,8.04,8.24,8.1,8.0,91320.23,0.06,0.75,8.064,8.033,8.331,67462.53,56530.54,62145.88
2016-05-20,7.92,8.04,8.04,7.8,36969.62,0.1,1.26,8.072,8.022,8.362,64983.69,55748.87,60718.79
2016-05-19,7.94,8.16,7.94,7.89,57725.0,0.0,0.0,8.042,8.062,8.387,63290.15,61539.71,63429.65
2016-05-18,8.23,8.29,7.94,7.81,59311.56,-0.36,-4.34,8.034,8.158,8.427,59220.97,62954.8,69452.48
2016-05-17,8.1,8.45,8.3,8.1,91986.25,0.16,1.97,8.046,8.243,8.508,54914.74,66197.11,71796.58
2016-05-16,7.89,8.14,8.14,7.87,78926.03,0.25,3.17,8.002,8.299,8.573,45598.55,63742.7,74967.99
2016-05-13,7.91,8.0,7.89,7.83,28501.93,-0.01,-0.13,7.972,8.343,8.664,46514.04,60868.07,87448.97
2016-05-12,7.92,7.93,7.9,7.75,37379.08,-0.1,-1.25,8.082,8.422,8.772,59789.27,64314.18,100796.08
2016-05-11,8.12,8.17,8.0,7.94,37780.43,-0.08,-0.99,8.282,8.503,8.853,66688.62,66883.41,107498.63
2016-05-10,7.99,8.18,8.08,7.96,45405.3,0.09,1.13,8.44,8.575,8.917,77479.48,67470.28,110394.28
2016-05-09,8.4,8.41,7.99,7.91,83503.48,-0.45,-5.33,8.596,8.628,8.983,81886.84,67761.22,114130.95
2016-05-06,8.88,8.93,8.44,8.44,94878.04,-0.46,-5.17,8.714,8.701,9.037,75222.1,65688.71,115782.64
2016-05-05,8.79,8.92,8.9,8.73,71875.85,0.11,1.25,8.762,8.712,9.077,68839.08,65319.6,116863.34
2016-05-04,8.83,8.88,8.79,8.71,91734.75,-0.07,-0.79,8.724,8.696,9.112,67078.2,75950.17,119809.76
2016-05-03,8.55,8.88,8.86,8.55,67442.06,0.28,3.26,8.71,8.772,9.153,57461.07,77396.04,122546.84
2016-04-29,8.63,8.71,8.58,8.51,50179.79,-0.1,-1.15,8.66,8.847,9.174,53635.6,86193.28,123587.96
2016-04-28,8.7,8.74,8.68,8.41,62962.97,-0.03,-0.34,8.688,8.984,9.212,56155.31,114029.86,127711.77
2016-04-27,8.74,8.82,8.71,8.69,63071.42,-0.01,-0.12,8.662,9.121,9.246,61800.11,137277.98,130247.67
2016-04-26,8.61,8.72,8.72,8.55,43649.1,0.11,1.28,8.668,9.202,9.263,84822.14,148113.86,133082.7
2016-04-25,8.72,8.72,8.61,8.45,48314.7,-0.11,-1.26,8.834,9.259,9.292,97331.01,153318.29,137210.97
2016-04-22,8.58,8.72,8.72,8.46,62778.37,0.17,1.99,9.034,9.337,9.331,118750.96,160500.68,141520.18
2016-04-21,8.72,8.87,8.55,8.53,91186.97,-0.19,-2.17,9.28,9.373,9.371,171904.41,165876.58,152123.94
2016-04-20,9.58,9.62,8.74,8.6,178181.55,-0.81,-8.48,9.58,9.442,9.434,212755.84,168407.08,161008.23
2016-04-19,9.68,9.7,9.55,9.45,106193.45,-0.06,-0.62,9.736,9.528,9.464,211405.58,163669.35,163274.1
2016-04-18,9.71,9.8,9.61,9.5,155414.47,-0.34,-3.42,9.684,9.533,9.456,209305.58,167697.64,179852.21
2016-04-15,9.8,10.09,9.95,9.66,328545.59,-0.1,-0.99,9.64,9.501,9.447,202250.4,160982.65,181138.4
2016-04-14,9.6,10.14,10.05,9.48,295444.16,0.53,5.57,9.466,9.44,9.419,159848.76,141393.67,172949.12
2016-04-13,9.35,9.59,9.52,9.35,171430.23,0.23,2.48,9.304,9.371,9.382,124058.32,123217.35,165743.52
2016-04-12,9.38,9.4,9.29,9.12,95693.43,-0.1,-1.06,9.32,9.324,9.374,115933.12,118051.55,165388.11
2016-04-11,9.21,9.48,9.39,9.16,120138.59,0.31,3.41,9.382,9.325,9.379,126089.7,121103.65,170034.42
2016-04-08,9.19,9.24,9.08,8.9,116537.39,-0.16,-1.73,9.362,9.325,9.379,119714.89,122539.69,173598.4
2016-04-07,9.62,9.7,9.24,9.21,116491.94,-0.36,-3.75,9.414,9.369,9.402,122938.59,138371.29,177987.71
2016-04-06,9.6,9.79,9.6,9.5,130804.27,0.0,0.0,9.438,9.426,9.415,122376.39,153609.37,183112.36
2016-04-05,9.32,9.69,9.6,9.27,146476.3,0.31,3.34,9.328,9.399,9.398,120169.97,162878.86,187867.64
2016-04-01,9.3,9.34,9.29,9.13,88264.55,-0.05,-0.54,9.268,9.378,9.378,116117.6,192006.78,192006.78
2016-03-31,9.42,9.62,9.34,9.28,132655.88,-0.02,-0.21,9.288,9.388,9.388,125364.49,203533.69,203533.69
2016-03-30,9.1,9.37,9.36,9.1,113680.94,0.31,3.42,9.324,9.394,9.394,153803.99,212393.42,212393.42
2016-03-29,9.36,9.4,9.05,8.96,119772.16,-0.25,-2.69,9.414,9.399,9.399,184842.35,226495.2,226495.2
2016-03-28,9.4,9.64,9.3,9.26,126214.48,-0.09,-0.96,9.47,9.457,9.457,205587.75,244282.37,244282.37
2016-03-25,9.55,9.65,9.39,9.25,134498.97,-0.13,-1.37,9.488,9.488,9.488,267895.95,267895.95,267895.95
2016-03-24,9.65,9.93,9.52,9.47,274853.38,-0.29,-2.96,9.513,9.513,9.513,301245.2,301245.2,301245.2
2016-03-23,9.22,9.86,9.81,9.2,268872.78,0.48,5.14,9.51,9.51,9.51,310042.47,310042.47,310042.47
2016-03-22,9.19,9.57,9.33,9.13,223499.12,-0.06,-0.64,9.36,9.36,9.36,330627.31,330627.31,330627.31
2016-03-21,9.65,9.65,9.39,9.22,437755.5,0.36,3.99,9.39,9.39,9.39,437755.5,437755.5,437755.5
