date,open,high,close,low,volume,price_change,p_change,ma5,ma10,ma20,v_ma5,v_ma10,v_ma20
2018-09-18,11.71,12.3,12.09,11.71,14882.84,0.18,1.51,12.044,12.124,11.996,13286.85,17272.02,23484.91
2018-09-17,12.12,12.19,11.91,11.86,9049.2,-0.21,-1.73,12.036,12.111,12.034,14689.75,19064.71,26275.45
2018-09-14,12.03,12.33,12.12,11.7,15244.23,0.07,0.58,12.154,12.054,12.066,18074.58,19946.37,29552.65
2018-09-13,12.1,12.16,12.05,11.85,11196.2,0.0,0.0,12.178,11.973,12.06,17480.47,20298.84,31944.68
2018-09-12,11.93,12.18,12.05,11.79,16061.8,0.0,0.0,12.224,11.934,12.003,20742.47,21221.68,32119.92
2018-09-11,12.47,12.47,12.05,11.92,21897.31,-0.45,-3.6,12.204,11.911,11.937,21257.19,22994.81,31742.85
2018-09-10,12.18,12.72,12.5,12.18,25973.36,0.26,2.12,12.186,11.961,11.875,23439.66,26154.96,31327.47
2018-09-07,12.22,12.3,12.24,12.11,12273.7,-0.04,-0.33,11.954,11.895,11.792,21818.15,27400.98,31163.85
2018-09-06,11.9,12.36,12.28,11.84,27506.2,0.33,2.76,11.768,11.859,11.711,23117.21,28345.42,31136.74
2018-09-05,11.92,12.05,11.95,11.84,18635.4,-0.01,-0.08,11.644,11.841,11.625,21700.89,28119.85,30137.7
2018-09-04,11.38,12.4,11.96,11.38,32809.66,0.62,5.47,11.618,11.868,11.546,24732.43,29697.79,29494.89
2018-09-03,11.31,11.7,11.34,11.28,17865.8,0.03,0.27,11.736,11.956,11.468,28870.25,33486.19,28204.19
2018-08-31,11.47,11.68,11.31,11.31,18769.0,-0.35,-3.0,11.836,12.078,11.412,32983.81,39158.93,27804.55
2018-08-30,11.9,12.11,11.66,11.6,20424.6,-0.16,-1.35,11.95,12.147,11.362,33573.63,43590.52,27536.81
2018-08-29,12.77,12.77,11.82,11.8,33793.08,-0.73,-5.82,12.038,12.072,11.319,34538.8,43018.17,27551.14
2018-08-28,11.86,12.72,12.55,11.72,53498.79,0.71,6.0,12.118,11.963,11.247,34663.16,40490.9,26356.13
2018-08-27,11.88,11.94,11.84,11.5,38433.59,-0.04,-0.34,12.176,11.789,11.141,38102.13,36499.99,23953.83
2018-08-24,12.08,12.11,11.88,11.82,21718.1,-0.22,-1.82,12.32,11.688,11.069,45334.04,34926.72,22517.75
2018-08-23,12.11,12.32,12.1,11.92,25250.43,-0.12,-0.98,12.344,11.563,11.009,53607.4,33928.05,21767.67
2018-08-22,12.46,12.67,12.22,12.2,34414.87,-0.62,-4.83,12.106,11.408,10.944,51497.53,32155.55,20852.41
2018-08-21,12.1,13.17,12.84,11.79,70693.65,0.28,2.23,11.808,11.224,10.872,46318.64,29291.99,19398.94
2018-08-20,12.1,12.9,12.56,11.9,74593.15,0.56,4.67,11.402,10.98,10.771,34897.84,22922.19,16293.51
2018-08-17,10.9,12.0,12.0,10.9,63084.9,1.09,9.99,11.056,10.745,10.681,24519.4,16450.17,13221.08
2018-08-16,10.7,11.08,10.91,10.58,14701.09,0.18,1.68,10.782,10.577,10.607,14248.7,11483.1,10356.85
2018-08-15,10.87,10.91,10.73,10.73,8520.4,-0.08,-0.74,10.71,10.566,10.586,12813.57,12084.11,9964.1
2018-08-14,10.73,10.98,10.81,10.65,13589.67,-0.02,-0.18,10.64,10.53,10.576,12265.35,12221.37,9997.72
2018-08-13,10.6,10.98,10.83,10.55,22700.94,0.2,1.88,10.558,10.492,10.566,10946.54,11407.67,9785.98
2018-08-10,10.55,10.8,10.63,10.5,11731.41,0.08,0.76,10.434,10.449,10.553,8380.95,10108.78,9212.07
2018-08-09,10.47,10.61,10.55,10.38,7525.41,0.17,1.64,10.372,10.454,10.563,8717.49,9607.28,10392.81
2018-08-08,10.42,10.53,10.38,10.35,5779.32,-0.02,-0.19,10.422,10.48,10.573,11354.65,9549.28,10759.14
2018-08-07,10.39,10.62,10.4,10.2,6995.61,0.19,1.86,10.42,10.52,10.571,12177.39,9505.89,10935.46
2018-08-06,10.09,10.58,10.21,9.89,9872.99,-0.11,-1.07,10.426,10.562,10.579,11868.8,9664.83,10998.3
2018-08-03,10.61,10.68,10.32,10.03,13414.12,-0.48,-4.44,10.464,10.617,10.591,11836.6,9991.99,10970.45
2018-08-02,10.37,10.8,10.8,9.9,20711.2,0.43,4.15,10.536,10.637,10.589,10497.07,9230.6,11059.69
2018-08-01,10.45,10.6,10.37,10.37,9893.05,-0.06,-0.57,10.538,10.605,10.568,7743.91,7844.1,11037.03
2018-07-31,10.5,10.51,10.43,10.31,5452.65,0.03,0.29,10.62,10.622,10.566,6834.38,7774.08,11530.53
2018-07-30,10.7,10.84,10.4,10.4,9712.0,-0.28,-2.62,10.698,10.639,10.577,7460.85,8164.29,12009.47
2018-07-27,10.85,10.85,10.68,10.56,6716.45,-0.13,-1.2,10.77,10.656,10.572,8147.38,8315.37,12093.65
2018-07-26,10.72,10.85,10.81,10.72,6945.4,0.03,0.28,10.738,10.672,10.556,7964.13,11178.35,12362.24
2018-07-25,10.82,10.88,10.78,10.71,5345.4,-0.04,-0.37,10.672,10.666,10.529,7944.29,11969.01,12466.49
2018-07-24,10.68,10.85,10.82,10.67,8585.0,0.06,0.56,10.624,10.622,10.51,8713.77,12365.03,12807.81
2018-07-23,10.48,10.82,10.76,10.48,13144.66,0.24,2.28,10.58,10.595,10.493,8867.73,12331.77,13281.4
2018-07-20,10.48,10.58,10.52,10.41,5800.2,0.04,0.38,10.542,10.565,10.465,8483.36,11948.91,14045.35
2018-07-19,10.55,10.66,10.48,10.47,6846.2,-0.06,-0.57,10.606,10.54,10.457,14392.56,12888.77,14988.95
2018-07-18,10.66,10.79,10.54,10.49,9192.8,-0.06,-0.57,10.66,10.53,10.404,15993.72,14229.95,15126.1
2018-07-17,10.4,10.67,10.6,10.4,9354.8,0.03,0.28,10.62,10.509,10.378,16016.29,15286.98,15194.14
2018-07-16,10.5,10.69,10.57,10.47,11222.8,-0.27,-2.49,10.61,10.515,10.343,15795.81,15854.65,15440.4
2018-07-13,11.26,11.26,10.84,10.38,35346.2,0.09,0.84,10.588,10.488,10.334,15414.46,15871.93,15422.74
2018-07-12,10.39,10.75,10.75,10.34,14852.0,0.46,4.47,10.474,10.44,10.341,11384.98,13546.13,14112.34
2018-07-11,10.45,10.48,10.34,10.2,9305.65,-0.21,-1.99,10.4,10.392,10.357,12466.18,12963.97,13897.49
2018-07-10,10.39,10.63,10.55,10.36,8252.4,0.09,0.86,10.398,10.398,10.402,14557.67,13250.59,13832.11
2018-07-09,10.2,10.66,10.46,10.19,9316.05,0.19,1.85,10.42,10.39,10.433,15913.49,14231.03,13966.34
2018-07-06,10.23,10.47,10.27,10.03,15198.8,-0.11,-1.06,10.388,10.365,10.467,16329.4,16141.8,14767.22
2018-07-05,10.55,10.94,10.38,10.15,20258.0,0.05,0.48,10.406,10.374,10.542,15707.28,17089.13,14672.92
2018-07-04,10.48,11.18,10.33,10.31,19763.08,-0.33,-3.1,10.384,10.278,10.625,13461.76,16022.25,14659.98
2018-07-03,10.23,10.78,10.66,10.18,15031.54,0.36,3.5,10.398,10.247,10.698,11943.51,15101.3,14914.13
2018-07-02,10.45,10.58,10.3,10.1,11395.6,-0.06,-0.58,10.36,10.17,10.764,12548.56,15026.14,16515.69
2018-06-29,10.22,10.51,10.36,10.22,12088.19,0.09,0.88,10.342,10.18,10.914,15954.19,14973.54,18415.98
2018-06-28,10.3,10.59,10.27,10.23,9030.4,-0.13,-1.25,10.342,10.241,11.083,18470.97,14678.55,20758.1
2018-06-27,10.37,10.58,10.4,10.21,12171.8,-0.07,-0.67,10.172,10.321,11.236,18582.73,14831.01,22819.14
2018-06-26,9.9,10.5,10.47,9.9,18056.81,0.26,2.55,10.096,10.405,11.39,18259.09,14413.63,23632.44
2018-06-25,10.8,10.87,10.21,10.15,28423.74,-0.15,-1.45,9.98,10.475,11.53,17503.73,13701.65,23906.63
2018-06-22,9.65,10.36,10.36,9.35,24672.09,0.94,9.98,10.018,10.569,11.679,13992.9,13392.64,23730.9
2018-06-21,9.94,10.13,9.42,9.42,9589.2,-0.6,-5.99,10.14,10.709,11.808,10886.14,12256.71,23156.6
2018-06-20,9.28,10.23,10.02,9.28,10553.6,0.13,1.31,10.47,10.972,11.976,11079.3,13297.71,23105.0
2018-06-19,10.44,10.44,9.89,9.62,14280.0,-0.51,-4.9,10.714,11.149,12.123,10568.18,14726.97,23192.84
2018-06-15,10.93,10.99,10.4,10.4,10869.6,-0.57,-5.2,10.97,11.357,12.27,9899.58,18005.24,23243.76
2018-06-14,10.87,11.24,10.97,10.85,9138.28,-0.1,-0.9,11.12,11.647,12.377,12792.38,21858.42,23601.16
2018-06-13,11.15,11.32,11.07,11.02,10555.0,-0.17,-1.51,11.278,11.925,12.465,13627.28,26837.64,24600.98
2018-06-12,11.18,11.33,11.24,10.96,7998.0,0.07,0.63,11.474,12.15,12.578,15516.12,30807.27,24953.74
2018-06-11,11.17,11.37,11.17,11.04,10937.0,0.02,0.18,11.584,12.374,12.687,18885.76,32851.25,25467.16
2018-06-08,11.5,11.79,11.15,10.6,25333.6,-0.61,-5.19,11.744,12.584,12.8,26110.9,34111.61,25751.18
2018-06-07,12.05,12.18,11.76,11.75,13312.8,-0.29,-2.41,12.174,12.789,12.909,30924.46,34069.16,25793.51
2018-06-06,11.74,12.29,12.05,11.7,19999.2,0.26,2.21,12.572,12.907,13.006,40048.0,34056.49,26946.09
2018-06-05,11.79,11.95,11.79,11.2,24846.2,-0.18,-1.5,12.826,12.98,13.073,46098.42,32912.29,27986.66
2018-06-04,13.2,13.3,11.97,11.97,47062.71,-1.33,-10.0,13.164,13.097,13.173,46816.74,31658.7,28435.16
2018-06-01,13.63,13.97,13.3,13.25,49401.4,-0.45,-3.27,13.424,13.182,13.265,42112.32,28482.27,28159.77
2018-05-31,13.31,14.1,13.75,13.13,58930.49,0.43,3.23,13.404,13.106,13.294,37213.86,25343.89,29628.38
2018-05-30,13.33,13.85,13.32,12.5,50251.29,-0.16,-1.19,13.242,13.005,13.306,28064.99,22364.32,30130.68
2018-05-29,13.28,13.67,13.48,13.1,28437.8,0.21,1.58,13.134,13.005,13.276,19726.17,19100.21,28424.03
2018-05-28,13.2,13.5,13.27,13.06,23540.6,0.07,0.53,13.03,12.999,13.257,16500.67,18083.08,27645.32
2018-05-25,12.94,13.32,13.2,12.52,24909.14,0.26,2.01,12.94,13.015,13.245,14852.23,17390.74,27539.1
2018-05-24,12.79,12.98,12.94,12.63,13186.1,0.16,1.25,12.808,13.029,13.272,13473.92,17517.86,28030.45
2018-05-23,12.83,12.95,12.78,12.76,8557.2,-0.18,-1.39,12.768,13.104,13.306,16663.66,19835.7,29081.65
2018-05-22,12.74,12.96,12.96,12.62,12310.3,0.14,1.09,12.876,13.166,13.347,18474.25,23061.02,30601.17
2018-05-21,12.51,12.96,12.82,12.41,15298.4,0.28,2.23,12.968,13.249,13.341,19665.49,25211.61,30780.03
2018-05-18,12.75,12.75,12.54,12.26,18017.6,-0.2,-1.57,13.09,13.347,13.354,19929.26,27837.27,31124.38
2018-05-17,13.2,13.36,12.74,12.66,29134.78,-0.58,-4.35,13.25,13.482,13.363,21561.8,33912.86,30979.14
2018-05-16,13.33,13.72,13.32,13.27,17610.18,-0.1,-0.74,13.44,13.607,13.334,23007.73,37897.03,29939.53
2018-05-15,13.54,13.54,13.42,13.12,18266.5,-0.01,-0.07,13.456,13.547,13.288,27647.79,37747.85,29624.2
2018-05-14,13.2,13.51,13.43,13.1,16617.24,0.09,0.68,13.53,13.514,13.248,30757.73,37207.55,29513.62
2018-05-11,13.64,13.65,13.34,13.2,26180.28,-0.35,-2.56,13.604,13.474,13.223,35745.28,37687.46,29788.16
2018-05-10,13.68,14.05,13.69,13.44,36364.47,0.29,2.16,13.714,13.515,13.2,46263.93,38543.04,30494.54
2018-05-09,13.66,13.7,13.4,13.22,40810.48,-0.39,-2.83,13.774,13.508,13.142,52786.33,38327.61,29777.11
2018-05-08,13.68,13.99,13.79,13.68,33816.18,-0.01,-0.07,13.638,13.527,13.106,47847.91,38141.31,28822.45
2018-05-07,13.58,14.08,13.8,13.58,41554.98,-0.09,-0.65,13.498,13.433,13.031,43657.38,36348.44,28298.87
2018-05-04,14.5,14.6,13.89,13.5,78773.53,-0.1,-0.71,13.344,13.361,12.939,39629.64,34411.49,26966.18
2018-05-03,12.61,13.99,13.99,12.6,68976.48,1.27,9.98,13.316,13.243,12.845,30822.16,28045.42,23846.56
2018-05-02,13.09,13.19,12.72,12.49,16118.38,-0.37,-2.83,13.242,13.061,12.761,23868.9,21982.03,21078.18
2018-04-27,13.01,13.35,13.09,13.01,12863.52,0.06,0.46,13.416,13.028,12.739,28434.71,21500.54,21328.66
2018-04-26,13.8,13.82,13.03,13.0,21416.3,-0.72,-5.24,13.368,12.982,12.68,29039.5,21819.69,21926.81
2018-04-25,13.41,13.78,13.75,13.18,34736.1,0.13,0.95,13.378,12.971,12.644,29193.34,21888.85,23255.16
2018-04-24,13.42,13.7,13.62,13.35,34210.18,0.03,0.22,13.17,12.884,12.557,25268.68,22446.04,22685.66
2018-04-23,12.85,13.9,13.59,12.75,38947.44,0.74,5.76,12.88,12.775,12.423,20095.16,21226.61,21448.51
2018-04-20,13.03,13.13,12.85,12.8,15887.5,-0.23,-1.76,12.64,12.684,12.326,14566.38,19503.59,19840.93
2018-04-19,12.65,13.1,13.08,12.62,22185.5,0.37,2.91,12.596,12.629,12.264,14599.88,20249.3,19423.7
2018-04-18,12.31,12.77,12.71,12.01,15112.8,0.54,4.44,12.564,12.516,12.186,14584.36,19520.88,18628.86
2018-04-17,12.4,12.65,12.17,12.12,8342.58,-0.22,-1.78,12.598,12.447,12.116,19623.4,19647.7,18072.65
2018-04-16,12.52,12.67,12.39,12.06,11303.5,-0.24,-1.9,12.67,12.46,12.068,22358.06,20174.32,17907.62
2018-04-13,12.81,13.11,12.63,12.51,16055.01,-0.29,-2.25,12.728,12.45,12.008,24440.8,21156.78,17670.35
2018-04-12,12.77,13.19,12.92,12.66,22107.9,0.04,0.31,12.662,12.377,11.954,25898.71,22033.93,17254.53
2018-04-11,12.52,13.63,12.88,12.45,40307.99,0.35,2.79,12.468,12.316,11.9,24457.39,24621.46,16533.31
2018-04-10,12.5,12.73,12.53,12.31,22015.9,-0.15,-1.18,12.296,12.23,11.847,19672.01,22925.28,15188.27
2018-04-09,12.19,12.7,12.68,11.86,21717.22,0.38,3.09,12.25,12.07,11.793,17990.59,21670.41,14697.1
2018-04-04,11.95,12.78,12.3,11.94,23344.55,0.35,2.93,12.172,11.967,11.722,17872.76,20178.26,13844.72
2018-04-03,11.88,11.95,11.95,11.68,14901.31,-0.07,-0.58,12.092,11.898,11.671,18169.15,18598.1,13114.82
2018-04-02,12.28,12.28,12.02,12.0,16381.06,-0.28,-2.28,12.164,11.855,11.648,24785.53,17736.85,12840.75
2018-03-30,12.17,12.36,12.3,12.17,13608.8,0.01,0.08,12.164,11.785,11.614,26178.55,16497.6,12552.62
2018-03-29,11.85,12.51,12.29,11.85,21128.1,0.39,3.28,11.89,11.675,11.563,25350.23,15640.92,12454.15
2018-03-28,11.89,12.42,11.9,11.85,24826.46,-0.41,-3.33,11.762,11.566,11.52,22483.76,14183.91,12228.14
2018-03-27,12.59,12.85,12.31,12.27,47983.21,0.29,2.41,11.704,11.531,11.47,19027.05,12475.13,11554.43
2018-03-26,10.77,12.02,12.02,10.45,23346.18,1.09,9.97,11.546,11.483,11.39,10688.16,8445.17,9580.61
2018-03-23,11.65,11.65,10.93,10.55,9467.22,-0.72,-6.18,11.406,11.463,11.315,6816.66,7451.27,8775.67
2018-03-22,11.62,11.93,11.65,11.53,6795.73,0.04,0.34,11.46,11.515,11.279,5931.61,7723.8,8429.13
2018-03-21,11.36,11.78,11.61,11.36,7542.89,0.09,0.78,11.37,11.476,11.205,5884.07,7511.18,8237.23
2018-03-20,11.22,11.6,11.52,11.22,6288.8,0.2,1.77,11.358,11.443,11.125,5923.21,7631.55,7996.01
2018-03-19,11.2,11.39,11.32,11.12,3988.65,0.12,1.07,11.42,11.44,11.047,6202.17,7944.65,7921.69
2018-03-16,11.19,11.35,11.2,11.1,5042.0,0.0,0.0,11.52,11.442,10.984,8085.87,8607.64,7923.08
2018-03-15,11.48,11.48,11.2,11.07,6558.0,-0.35,-3.03,11.57,11.451,10.915,9515.98,9267.37,7862.55
2018-03-14,11.89,12.08,11.55,11.54,7738.62,-0.28,-2.37,11.582,11.473,10.861,9138.3,10272.37,7698.93
2018-03-13,11.74,11.83,11.83,11.56,7683.6,0.01,0.09,11.528,11.409,10.784,9339.89,10633.73,7613.23
2018-03-12,11.45,11.89,11.82,11.45,13407.14,0.37,3.23,11.46,11.296,10.686,9687.13,10716.05,7629.22
2018-03-09,11.33,11.59,11.45,11.26,12192.54,0.19,1.69,11.364,11.166,10.62,9129.41,10100.08,7224.72
2018-03-08,11.27,11.41,11.26,11.16,4669.6,-0.02,-0.18,11.332,11.042,10.584,9018.76,9134.46,6957.27
2018-03-07,11.49,11.56,11.28,11.22,8746.55,-0.21,-1.83,11.364,10.933,10.564,11406.43,8963.27,7286.04
2018-03-06,11.48,11.67,11.49,11.36,9419.84,0.15,1.32,11.29,10.807,10.566,11927.56,8360.48,7233.72
2018-03-05,11.1,11.57,11.34,11.04,10618.5,0.05,0.44,11.132,10.653,10.579,11744.97,7898.74,6923.26
2018-03-02,11.36,11.73,11.29,11.24,11639.29,-0.13,-1.14,10.968,10.526,10.601,11070.75,7238.53,6659.14
2018-03-01,10.8,11.45,11.42,10.8,16607.99,0.51,4.67,10.752,10.378,10.632,9250.16,6457.74,6416.64
2018-02-28,10.68,11.05,10.91,10.5,11352.2,0.21,1.96,10.502,10.249,10.663,6520.11,5125.5,5955.37
2018-02-27,10.6,10.72,10.7,10.52,8506.88,0.18,1.71,10.324,10.159,10.725,4793.39,4592.73,5894.81
2018-02-26,10.19,10.53,10.52,10.18,7247.4,0.31,3.04,10.174,10.075,10.797,4052.5,4542.38,6190.19
2018-02-23,10.25,10.25,10.21,10.08,2536.33,0.04,0.39,10.084,10.073,10.863,3406.3,4349.37,6198.56
2018-02-22,10.08,10.26,10.17,10.03,2957.76,0.15,1.5,10.004,10.125,10.938,3665.31,4780.08,6367.47
2018-02-14,9.99,10.08,10.02,9.95,2718.6,0.07,0.7,9.996,10.194,11.017,3730.88,5608.8,6577.92
2018-02-13,10.19,10.19,9.95,9.95,4802.4,-0.12,-1.19,9.994,10.324,11.105,4392.06,6106.97,6898.01
2018-02-12,9.88,10.14,10.07,9.81,4016.4,0.26,2.65,9.976,10.505,11.186,5032.26,5947.78,6971.58
2018-02-09,10.0,10.0,9.81,9.7,3831.4,-0.32,-3.16,10.062,10.676,11.256,5292.44,6079.76,7310.13
2018-02-08,10.0,10.19,10.13,9.9,3285.6,0.12,1.2,10.246,10.885,11.365,5894.84,6375.55,7544.05
2018-02-07,10.01,10.1,10.01,9.52,6024.48,0.15,1.52,10.392,11.076,11.468,7486.72,6785.24,7866.11
2018-02-06,10.1,10.39,9.86,9.7,8003.43,-0.64,-6.09,10.654,11.291,11.569,7821.88,7196.89,8312.06
2018-02-05,10.7,10.72,10.5,10.49,5317.28,-0.23,-2.14,11.034,11.519,11.696,6863.29,7837.99,8690.58
2018-02-02,10.86,10.86,10.73,10.57,6843.4,-0.13,-1.2,11.29,11.652,11.805,6867.07,8047.75,9746.07
2018-02-01,11.22,11.32,10.86,10.81,11245.0,-0.46,-4.06,11.524,11.75,11.926,6856.26,7954.87,11697.21
2018-01-31,11.68,11.8,11.32,11.22,7700.28,-0.44,-3.74,11.76,11.84,11.993,6083.76,7547.04,11831.85
2018-01-30,11.65,12.0,11.76,11.65,3210.48,-0.02,-0.17,11.928,11.885,12.023,6571.9,7689.05,11921.0
2018-01-29,11.89,12.0,11.78,11.7,5336.2,-0.12,-1.01,12.004,11.867,12.03,8812.7,7995.38,12358.11
2018-01-26,12.05,12.12,11.9,11.86,6789.34,-0.14,-1.16,12.014,11.835,12.041,9228.42,8540.51,12826.97
2018-01-25,12.14,12.24,12.04,12.02,7382.48,-0.12,-0.99,11.976,11.844,12.024,9053.48,8712.56,12902.11
2018-01-24,12.25,12.25,12.16,11.92,10141.0,0.02,0.17,11.92,11.859,12.002,9010.31,8946.99,13214.02
2018-01-23,11.89,12.48,12.14,11.83,14414.48,0.31,2.62,11.842,11.847,11.989,8806.19,9427.23,13767.07
2018-01-22,11.71,11.93,11.83,11.41,7414.82,0.12,1.02,11.73,11.872,11.935,7178.06,9543.16,13480.38
2018-01-19,11.76,11.87,11.71,11.67,5914.62,-0.05,-0.42,11.656,11.957,11.91,7852.6,11444.39,13404.08
2018-01-18,11.71,11.95,11.76,11.61,7166.65,-0.01,-0.09,11.712,12.102,11.9,8371.64,15439.55,13439.67
2018-01-17,11.58,11.87,11.77,11.32,9120.4,0.19,1.64,11.798,12.146,11.888,8883.67,16116.66,13594.87
2018-01-16,11.46,11.75,11.58,11.35,6273.8,0.12,1.05,11.852,12.161,11.892,10048.26,16152.96,13505.18
2018-01-15,11.99,11.99,11.46,11.27,10787.53,-0.53,-4.42,12.014,12.193,11.9,11908.26,16720.84,13576.18
2018-01-12,12.28,12.28,11.99,11.92,8509.8,-0.2,-1.64,12.258,12.246,11.925,15036.19,17113.42,13476.38
2018-01-11,11.92,12.29,12.19,11.92,9726.8,0.15,1.25,12.492,12.203,11.921,22507.46,17091.66,13458.77
2018-01-10,12.36,12.43,12.04,11.92,14943.37,-0.35,-2.83,12.494,12.144,11.906,23349.66,17481.05,13337.24
2018-01-09,12.66,12.79,12.39,12.36,15573.82,-0.29,-2.29,12.47,12.131,11.888,22257.66,18106.91,13096.32
2018-01-08,13.12,13.13,12.68,12.61,26427.15,-0.48,-3.65,12.372,11.997,11.869,21533.41,17417.6,13032.84
2018-01-05,12.25,13.42,13.16,12.03,45866.17,0.96,7.87,12.234,11.863,11.827,19190.66,15363.77,12422.12
2018-01-04,11.92,12.2,12.2,11.83,13937.77,0.28,2.35,11.914,11.697,11.755,11675.85,11439.8,11094.2
2018-01-03,11.95,11.99,11.92,11.82,9483.38,0.02,0.17,11.794,11.629,11.729,11612.45,11073.08,12035.76
2018-01-02,11.93,12.07,11.9,11.7,11952.57,-0.09,-0.75,11.792,11.623,11.73,13956.16,10857.41,12816.92
2017-12-29,11.6,12.45,11.99,11.53,14713.4,0.43,3.72,11.622,11.606,11.797,13301.79,10431.53,12845.24
2017-12-28,11.5,11.79,11.56,11.49,8292.15,-0.04,-0.34,11.492,11.603,11.877,11536.87,9839.34,12584.84
2017-12-27,11.97,11.97,11.6,11.48,13620.73,-0.31,-2.6,11.48,11.638,11.978,11203.75,9825.89,12724.09
2017-12-26,11.05,12.16,11.91,11.05,21201.96,0.86,7.78,11.464,11.667,12.102,10533.72,9193.44,12532.22
2017-12-25,11.35,11.45,11.05,10.91,8680.73,-0.29,-2.56,11.454,11.644,12.227,7758.65,8085.73,11870.79
2017-12-22,11.61,11.61,11.34,11.33,5888.8,-0.16,-1.39,11.59,11.741,12.381,7561.26,8648.08,11887.3
2017-12-21,11.56,11.63,11.5,11.36,6626.51,-0.02,-0.17,11.714,11.79,12.548,8141.81,9480.48,11893.5
2017-12-20,11.88,11.95,11.52,11.38,10270.6,-0.34,-2.87,11.796,11.813,12.715,8448.03,10748.59,12044.02
2017-12-19,11.73,11.93,11.86,11.73,7326.6,0.13,1.11,11.87,11.829,12.899,7853.16,12998.43,12198.86
2017-12-18,11.96,11.98,11.73,11.68,7693.8,-0.23,-1.92,11.834,11.836,13.082,8412.8,14776.43,12664.85
2017-12-15,11.94,11.99,11.96,11.76,8791.55,0.05,0.42,11.892,11.988,13.259,9734.89,15258.95,12878.44
2017-12-14,11.92,11.93,11.91,11.72,8157.6,0.02,0.17,11.866,12.15,13.409,10819.14,15330.33,13315.89
2017-12-13,11.72,11.91,11.89,11.65,7296.23,0.21,1.8,11.83,12.317,13.582,13049.15,15622.29,13246.06
2017-12-12,11.91,12.09,11.68,11.65,10124.83,-0.34,-2.83,11.788,12.537,13.762,18143.71,15871.01,13390.23
2017-12-11,12.3,12.34,12.02,11.91,14304.25,0.19,1.61,11.838,12.809,13.949,21140.06,15655.85,13353.95
2017-12-08,11.73,12.05,11.83,11.73,14212.8,0.1,0.85,12.084,13.02,14.122,20783.01,15126.52,13241.23
2017-12-07,11.59,11.85,11.73,11.48,19307.65,0.05,0.43,12.434,13.305,14.317,19841.52,14306.53,13092.6
2017-12-06,11.73,11.83,11.68,11.3,32769.02,-0.25,-2.1,12.804,13.617,14.519,18195.43,13339.45,12640.06
2017-12-05,13.25,13.25,11.93,11.93,25106.6,-1.32,-9.96,13.286,13.969,14.725,13598.31,11399.29,11781.72
2017-12-04,13.61,13.71,13.25,13.1,12519.0,-0.33,-2.43,13.78,14.328,14.901,10171.63,10553.28,11005.93
2017-12-01,13.61,13.77,13.58,13.55,9505.35,0.0,0.0,13.956,14.529,15.019,9470.03,10497.92,10697.51
2017-11-30,14.03,14.09,13.58,13.58,11077.2,-0.51,-3.62,14.176,14.667,15.112,8771.54,11301.45,10820.56
2017-11-29,14.4,14.4,14.09,13.79,9783.4,-0.31,-2.15,14.43,14.846,15.222,8483.46,10869.83,10646.08
2017-11-28,14.16,14.55,14.4,14.1,7973.2,0.27,1.91,14.652,14.986,15.307,9200.28,10909.44,10602.54
2017-11-27,14.62,14.72,14.13,14.13,9011.0,-0.55,-3.75,14.876,15.088,15.366,10934.92,11052.04,10510.45
2017-11-24,14.83,14.88,14.68,14.58,6012.88,-0.17,-1.15,15.102,15.224,15.43,11525.81,11355.94,10516.59
2017-11-23,15.25,15.32,14.85,14.55,9636.8,-0.35,-2.3,15.158,15.329,15.485,13831.35,11878.67,10773.05
2017-11-22,15.5,15.52,15.2,15.0,13367.51,-0.32,-2.06,15.262,15.42,15.544,13256.21,11940.67,10792.35
2017-11-21,15.35,15.64,15.52,15.14,16646.41,0.26,1.7,15.32,15.48,15.589,12618.61,12164.15,11214.45
2017-11-20,14.92,15.27,15.26,14.62,11965.45,0.3,2.0,15.3,15.474,15.587,11169.17,11458.59,10844.22
2017-11-17,15.34,15.7,14.96,14.0,17540.6,-0.41,-2.67,15.346,15.508,15.598,11186.06,10897.1,10561.26
2017-11-16,15.37,15.49,15.37,15.25,6761.07,-0.12,-0.78,15.5,15.556,15.618,9925.98,10339.68,10138.09
2017-11-15,15.4,15.56,15.49,15.17,10179.51,0.07,0.45,15.578,15.597,15.608,10625.13,10422.33,10595.26
2017-11-14,15.41,15.56,15.42,15.18,9399.2,-0.07,-0.45,15.64,15.628,15.619,11709.69,10295.63,10609.15
2017-11-13,15.7,15.88,15.49,15.39,12049.94,-0.24,-1.53,15.648,15.644,15.647,11748.01,9968.85,10627.21
2017-11-10,15.88,15.88,15.73,15.6,11240.2,-0.03,-0.19,15.67,15.635,15.674,10608.13,9677.24,11098.76
2017-11-09,15.9,15.9,15.76,15.63,10256.8,-0.04,-0.25,15.612,15.641,15.732,10753.37,9667.43,11427.61
2017-11-08,15.46,15.81,15.8,15.45,15602.3,0.34,2.2,15.616,15.667,15.79,10219.52,9644.04,11644.85
2017-11-07,15.6,15.66,15.46,15.31,9590.82,-0.14,-0.9,15.616,15.697,15.846,8881.57,10264.76,12003.72
2017-11-06,15.53,15.65,15.6,15.17,6350.54,0.16,1.04,15.64,15.699,15.933,8189.69,10229.85,13096.05
2017-11-03,15.79,15.79,15.44,15.16,11966.4,-0.34,-2.15,15.6,15.687,15.997,8746.35,10225.42,14010.35
2017-11-02,15.72,15.81,15.78,15.52,7587.56,-0.02,-0.13,15.67,15.68,16.071,8581.49,9936.5,14553.49
2017-11-01,15.65,15.83,15.8,15.45,8912.54,0.22,1.41,15.718,15.619,16.12,9068.55,10768.19,15422.28
2017-10-31,15.23,15.63,15.58,15.23,6131.4,0.18,1.17,15.778,15.609,16.187,11647.94,10922.68,16839.41
2017-10-30,15.62,15.82,15.4,15.12,9133.87,-0.39,-2.47,15.758,15.649,16.24,12270.02,11285.57,18120.54
2017-10-27,16.0,16.0,15.79,15.6,11142.08,-0.23,-1.44,15.774,15.712,16.324,11704.49,12520.28,20279.61
2017-10-26,16.0,16.25,16.02,15.88,10022.85,-0.08,-0.5,15.69,15.823,16.421,11291.51,13187.79,24120.3
2017-10-25,15.41,16.48,16.1,15.39,21809.5,0.62,4.0,15.52,15.912,16.459,12467.84,13645.66,27255.37
2017-10-24,15.5,15.5,15.48,15.25,9241.8,0.0,0.0,15.44,15.995,16.447,10197.42,13742.68,26803.62
2017-10-23,15.38,15.52,15.48,15.36,6306.2,0.11,0.72,15.54,16.167,16.457,10301.12,15962.24,27022.24
2017-10-20,15.17,15.53,15.37,15.17,9077.2,0.2,1.32,15.65,16.306,16.479,13336.07,17795.28,27260.43
2017-10-19,15.71,15.88,15.17,15.11,15904.48,-0.53,-3.38,15.956,16.462,16.5,15084.06,19170.49,27318.49
2017-10-18,15.98,16.26,15.7,15.63,10457.4,-0.28,-1.75,16.304,16.62,16.528,14823.47,20076.36,27460.81
2017-10-17,15.87,16.13,15.98,15.87,9760.33,-0.05,-0.31,16.55,16.765,16.539,17287.94,22756.14,27816.48
2017-10-16,16.79,16.88,16.03,16.0,21480.93,-0.87,-5.15,16.794,16.83,16.546,21623.36,24955.5,28293.31
2017-10-13,16.81,17.03,16.9,16.69,17817.18,-0.01,-0.06,16.962,16.935,16.561,22254.5,28038.95,27919.27
2017-10-12,16.86,17.12,16.91,16.78,14601.53,-0.02,-0.12,16.968,17.019,16.527,23256.91,35052.81,27954.19
2017-10-11,17.2,17.23,16.93,16.87,22779.71,-0.27,-1.57,16.936,17.006,16.501,25329.25,40865.08,28495.4
2017-10-10,16.83,17.2,17.2,16.7,31437.44,0.33,1.96,16.98,16.899,16.465,28224.34,39864.57,28297.98
2017-10-09,17.33,17.33,16.87,16.81,24636.62,-0.06,-0.35,16.866,16.747,16.418,28287.64,38082.23,27675.09
2017-09-29,16.72,17.2,16.93,16.63,22829.25,0.18,1.07,16.908,16.652,16.382,33823.41,36725.59,27384.66
2017-09-28,17.05,17.09,16.75,16.69,24963.22,-0.4,-2.33,17.07,16.538,16.356,46848.72,35466.49,26980.48
2017-09-27,16.62,17.5,17.15,16.44,37255.19,0.52,3.13,17.076,16.436,16.348,56400.91,34845.25,26702.94
2017-09-26,16.9,17.18,16.63,16.35,31753.92,-0.45,-2.63,16.818,16.313,16.331,51504.8,32876.83,25742.97
2017-09-25,17.38,17.68,17.08,16.88,52315.45,-0.66,-3.72,16.628,16.261,16.344,47876.83,31631.13,25533.85
2017-09-22,16.49,18.21,17.74,16.31,87955.81,0.96,5.72,16.396,16.186,16.334,39627.77,27799.6,24140.16
2017-09-21,15.85,17.17,16.78,15.71,72724.18,0.92,5.8,16.006,16.034,16.277,24084.25,20855.57,21076.89
2017-09-20,15.64,15.87,15.86,15.61,12774.63,0.18,1.15,15.796,15.996,16.246,13289.59,16125.72,17784.14
2017-09-19,15.91,15.96,15.68,15.66,13614.07,-0.24,-1.51,15.808,16.031,16.269,14248.86,16731.4,17727.99
2017-09-18,15.79,15.94,15.92,15.73,11070.15,0.13,0.82,15.894,16.089,16.3,15385.43,17267.95,17594.22
2017-09-15,15.67,15.9,15.79,15.67,10238.23,0.06,0.38,15.976,16.111,16.334,15971.42,18043.74,17809.78
2017-09-14,16.09,16.09,15.73,15.65,18750.89,-0.19,-1.19,16.062,16.173,16.36,17626.88,18494.48,17818.13
2017-09-13,16.08,16.08,15.92,15.7,17570.96,-0.19,-1.18,16.196,16.26,16.409,18961.84,18560.64,17550.37
2017-09-12,16.38,16.38,16.11,16.06,19296.92,-0.22,-1.35,16.254,16.349,16.46,19213.94,18609.12,17321.55
2017-09-11,16.24,16.35,16.33,16.15,14000.12,0.11,0.68,16.284,16.426,16.481,19150.47,19436.56,16788.09
2017-09-08,16.39,16.39,16.22,16.09,18515.53,-0.18,-1.1,16.246,16.481,16.502,20116.05,20480.72,16488.68
2017-09-07,16.2,16.4,16.4,16.17,25425.65,0.19,1.17,16.284,16.519,16.528,19362.07,21298.2,16045.75
2017-09-06,16.19,16.29,16.21,16.07,18831.46,-0.05,-0.31,16.324,16.495,16.556,18159.44,19442.57,15489.93
2017-09-05,16.19,16.31,16.26,16.14,18979.6,0.12,0.74,16.444,16.506,16.61,18004.3,18724.59,14859.68
2017-09-04,16.41,16.46,16.14,16.12,18828.0,-0.27,-1.65,16.568,16.51,16.664,19722.66,17920.49,14465.18
2017-09-01,16.56,16.65,16.41,16.39,14745.65,-0.19,-1.15,16.716,16.557,16.728,20845.39,17575.83,13971.72
2017-08-31,16.63,16.78,16.6,16.45,19412.48,-0.21,-1.25,16.754,16.546,16.768,23234.33,17141.78,13765.75
2017-08-30,17.18,17.18,16.81,16.56,18055.76,-0.07,-0.41,16.666,16.558,16.832,20725.71,16540.11,13318.69
2017-08-29,17.74,17.74,16.88,16.88,27571.39,0.0,0.0,16.568,16.57,16.881,19444.88,16033.99,12910.33
2017-08-28,16.48,16.98,16.88,16.48,24441.68,0.28,1.69,16.452,16.536,16.948,16118.32,14139.61,12732.59
2017-08-25,16.13,16.76,16.6,16.03,26690.36,0.44,2.72,16.398,16.522,17.003,14306.27,12496.65,12287.51
2017-08-24,16.28,16.31,16.16,15.96,6869.35,-0.16,-0.98,16.338,16.537,17.068,11049.23,10793.3,11761.22
2017-08-23,16.16,16.39,16.32,15.9,11651.6,0.02,0.12,16.45,16.616,17.128,12354.51,11537.29,12171.81
2017-08-22,16.5,16.71,16.3,16.23,10938.6,-0.31,-1.87,16.572,16.713,17.153,12623.11,10994.77,12039.35
2017-08-21,16.26,16.75,16.61,16.0,15381.44,0.31,1.9,16.62,16.818,17.174,12160.91,11009.88,12150.01
2017-08-18,16.68,16.68,16.3,16.2,10405.14,-0.42,-2.51,16.646,16.899,17.157,10687.03,10367.6,11766.18
2017-08-17,16.95,16.95,16.72,16.54,13395.76,-0.21,-1.24,16.736,16.99,17.16,10537.37,10389.73,11731.56
2017-08-16,16.43,16.96,16.93,16.31,12994.6,0.39,2.36,16.782,17.105,17.135,10720.06,10097.27,11909.56
2017-08-15,16.74,16.74,16.54,16.4,8627.61,-0.2,-1.2,16.854,17.192,17.071,9366.42,9786.67,11662.18
2017-08-14,16.59,16.85,16.74,16.3,8012.02,-0.01,-0.06,17.016,17.36,17.011,9858.85,11325.57,11819.38
2017-08-11,16.9,16.95,16.75,16.04,9656.88,-0.2,-1.18,17.152,17.483,16.934,10048.17,12078.37,12426.54
2017-08-10,17.4,17.4,16.95,16.57,14309.2,-0.34,-1.97,17.244,17.598,16.94,10242.08,12729.14,12206.8
2017-08-09,17.43,17.43,17.29,17.13,6226.4,-0.06,-0.35,17.428,17.639,16.944,9474.48,12806.33,11815.04
2017-08-08,17.58,17.58,17.35,17.08,11089.74,-0.07,-0.4,17.53,17.593,16.953,10206.92,13083.93,12053.44
2017-08-07,17.18,17.45,17.42,17.07,8958.65,0.21,1.22,17.704,17.53,16.973,12792.29,13290.14,11916.74
2017-08-04,17.8,17.9,17.21,17.02,10626.4,-0.66,-3.69,17.814,17.415,17.013,14108.56,13164.75,12128.17
2017-08-03,17.85,17.98,17.87,17.41,10471.19,0.07,0.39,17.952,17.33,17.087,15216.21,13073.39,12392.41
2017-08-02,18.25,18.3,17.8,17.56,9888.6,-0.42,-2.31,17.85,17.164,17.114,16138.18,13721.86,12426.35
2017-08-01,18.22,18.6,18.22,17.53,24016.59,0.25,1.39,17.656,16.95,17.147,15960.94,13537.7,12467.9
2017-07-31,17.73,18.18,17.97,17.61,15540.01,0.07,0.39,17.356,16.662,17.147,13787.99,12313.2,11499.7
2017-07-28,17.1,18.45,17.9,17.1,16164.66,0.54,3.11,17.016,16.384,17.164,12220.94,12774.72,10997.04
2017-07-27,16.8,17.41,17.36,16.59,15081.05,0.53,3.15,16.708,16.282,17.184,10930.57,11684.45,10495.85
2017-07-26,16.97,17.0,16.83,16.55,9002.41,0.11,0.66,16.478,16.249,17.236,11305.53,10823.74,10130.4
2017-07-25,16.39,16.85,16.72,16.13,13151.83,0.45,2.77,16.244,16.313,17.313,11114.45,11022.95,10093.08
2017-07-24,16.3,16.39,16.27,15.88,7704.76,-0.09,-0.55,15.968,16.415,17.411,10838.4,10543.34,9875.17
2017-07-21,16.03,16.6,16.36,16.0,9712.8,0.15,0.93,15.752,16.611,17.528,13328.49,11091.59,9951.71
2017-07-20,15.46,16.87,16.21,15.46,16955.85,0.55,3.51,15.856,16.843,17.634,12438.33,11711.43,10016.66
2017-07-19,15.33,15.68,15.66,15.04,8047.0,0.32,2.09,16.02,17.064,17.72,10341.96,11130.84,9662.67
2017-07-18,15.1,15.5,15.34,14.7,11771.59,0.15,0.99,16.382,17.344,17.877,10931.45,11398.1,9713.58
2017-07-17,16.95,17.0,15.19,15.19,20155.2,-1.69,-10.01,16.862,17.631,18.049,10248.28,10686.2,9614.32
2017-07-14,17.03,17.03,16.88,16.81,5262.0,-0.15,-0.88,17.47,17.944,18.235,8854.68,9219.36,9206.99
2017-07-13,17.24,17.35,17.03,17.0,6474.0,-0.44,-2.52,17.83,18.086,18.339,10984.53,9307.26,9927.51
2017-07-12,17.73,17.87,17.47,16.96,10994.48,-0.27,-1.52,18.108,18.222,18.462,11919.71,9437.06,11061.63
2017-07-11,18.25,18.25,17.74,17.65,8355.74,-0.49,-2.69,18.306,18.313,18.519,11864.74,9163.21,11227.04
2017-07-10,18.5,18.5,18.23,17.93,13187.2,-0.45,-2.41,18.4,18.407,18.571,11124.11,9206.99,11708.61
2017-07-07,18.39,18.78,18.68,18.27,15911.21,0.26,1.41,18.418,18.445,19.123,9584.03,8811.83,11494.96
2017-07-06,18.47,18.57,18.42,18.3,11149.94,-0.04,-0.22,18.342,18.424,19.698,7629.99,8321.9,11145.8
2017-07-05,18.33,18.62,18.46,18.15,10719.61,0.25,1.37,18.336,18.376,20.281,6954.41,8194.51,11278.06
2017-07-04,18.4,18.4,18.21,18.1,4652.6,-0.11,-0.6,18.32,18.41,20.862,6461.68,8029.06,11738.69
2017-07-03,18.3,18.4,18.32,18.05,5486.81,0.02,0.11,18.414,18.466,21.368,7289.87,8542.43,12083.63
2017-06-30,18.34,18.41,18.3,18.11,6140.99,-0.09,-0.49,18.472,18.525,21.82,8039.63,9194.63,12090.93
2017-06-29,18.35,18.45,18.39,18.21,7772.02,0.01,0.05,18.506,18.591,22.273,9013.8,10547.76,12223.42
2017-06-28,18.67,18.67,18.38,18.01,8255.97,-0.3,-1.61,18.416,18.702,22.678,9434.61,12686.21,12264.36
2017-06-27,18.6,18.77,18.68,18.37,8793.57,0.07,0.38,18.5,18.724,23.204,9596.44,13290.88,12295.33
2017-06-26,18.44,18.67,18.61,18.03,9235.62,0.14,0.76,18.518,18.735,23.712,9794.99,14210.23,12196.97
2017-06-23,17.9,18.5,18.47,17.61,11011.82,0.53,2.95,18.578,19.801,24.208,10349.62,14178.08,12149.37
2017-06-22,18.76,18.76,17.94,17.81,9876.06,-0.86,-4.57,18.676,20.971,24.724,12081.71,13969.71,11996.37
2017-06-21,18.84,18.99,18.8,18.41,9065.13,0.03,0.16,18.988,22.186,25.281,15937.81,14361.61,12223.98
2017-06-20,19.0,19.19,18.77,18.75,9786.33,-0.14,-0.74,18.948,23.313,25.945,16985.31,15448.33,12278.45
2017-06-19,18.98,19.13,18.91,18.71,12008.78,-0.05,-0.26,18.952,24.27,26.713,18625.47,15624.82,12136.69
2017-06-16,19.38,19.38,18.96,18.91,19672.26,-0.54,-2.77,21.024,25.115,27.5,18006.54,14987.23,11884.66
2017-06-15,18.5,19.68,19.5,18.34,29156.55,0.9,4.84,23.266,25.954,28.272,15857.7,13899.09,11469.46
2017-06-14,18.85,18.9,18.6,18.4,14302.63,-0.19,-1.01,25.384,26.654,29.034,12785.42,11842.52,10528.2
2017-06-13,18.27,18.87,18.79,18.01,17987.12,0.56,3.07,27.678,27.683,29.772,13911.34,11299.79,10124.87
2017-06-12,30.1,30.1,29.27,28.9,8914.12,-0.9,-2.98,29.588,28.689,30.525,12624.17,10183.7,9688.24
2017-06-09,30.1,30.41,30.17,29.6,8928.1,0.08,0.27,29.206,28.614,30.787,11967.92,10120.66,10012.75
2017-06-08,30.0,30.57,30.09,29.72,13795.12,0.02,0.07,28.642,28.477,31.034,11940.47,10023.03,10489.8
2017-06-07,28.95,30.6,30.07,28.5,19932.24,1.73,6.1,27.924,28.376,31.304,10899.62,10086.34,10520.5
2017-06-06,27.3,28.56,28.34,27.25,11551.29,0.98,3.58,27.688,28.576,31.567,8688.23,9108.58,10488.65
2017-06-05,27.22,28.02,27.36,27.15,5632.85,0.01,0.04,27.79,29.156,31.908,7743.23,8648.55,11018.12
2017-06-02,26.47,27.48,27.35,25.51,8790.85,0.85,3.21,28.022,29.884,32.231,8273.4,8782.09,11118.99
2017-06-01,28.77,28.77,26.5,26.5,8590.85,-2.39,-8.27,28.312,30.59,32.564,8105.6,9039.84,11088.47
2017-05-31,29.22,30.19,28.89,28.66,8875.33,0.04,0.14,28.828,31.413,32.915,9273.07,9213.89,10980.87
2017-05-26,28.55,29.02,28.85,28.04,6826.28,0.33,1.16,29.464,31.861,33.201,9528.92,8949.95,10858.66
2017-05-25,28.9,28.9,28.52,27.37,8283.69,-0.28,-0.97,30.522,32.361,33.503,9553.87,9192.79,11147.75
2017-05-24,28.78,29.19,28.8,27.16,7951.84,-0.28,-0.96,31.746,32.96,33.802,9290.79,9904.84,11107.47
2017-05-23,32.0,32.55,29.08,28.86,14428.2,-2.99,-9.32,32.868,33.59,34.073,9974.08,10956.57,11154.56
2017-05-22,34.06,34.06,32.07,31.68,10154.61,-2.07,-6.06,33.998,34.232,34.313,9154.71,10954.67,11020.9
2017-05-19,34.7,35.14,34.14,34.01,6951.0,-0.5,-1.44,34.258,34.558,34.499,8370.98,11868.72,10904.62
2017-05-18,34.2,34.89,34.64,34.05,6968.28,0.23,0.67,34.2,34.659,34.601,8831.7,13387.68,11027.63
2017-05-17,34.67,35.2,34.41,34.4,11368.29,-0.32,-0.92,34.174,34.577,34.661,10518.88,13455.88,11178.29
2017-05-16,33.64,34.73,34.73,33.1,10331.35,1.36,4.08,34.312,34.537,34.704,11939.07,13137.09,11073.95
2017-05-15,33.69,34.2,33.37,33.32,6236.0,-0.48,-1.42,34.466,34.417,34.713,12754.63,12747.86,11130.94
2017-05-12,34.73,34.73,33.85,33.5,9254.6,-0.66,-1.91,34.858,34.541,34.889,15366.46,12767.36,11270.85
2017-05-11,35.14,35.14,34.51,33.15,15404.18,-0.59,-1.68,35.118,34.644,35.043,17943.66,13102.72,11256.44
2017-05-10,35.35,36.19,35.1,35.1,18469.2,-0.4,-1.13,34.98,34.643,35.158,16392.88,12310.1,11556.33
2017-05-09,35.01,36.15,35.5,34.52,14409.15,0.17,0.48,34.762,34.555,35.208,14335.12,11352.54,11555.76
2017-05-08,34.94,36.22,35.33,34.59,19295.18,0.18,0.51,34.368,34.393,35.197,12741.09,11087.13,12253.57
2017-05-05,33.88,35.5,35.15,33.68,22140.59,1.33,3.93,34.224,34.44,35.36,10168.26,9940.51,12228.09
2017-05-04,33.9,34.01,33.82,33.02,7650.28,-0.19,-0.56,34.17,34.543,35.6,8261.77,8667.57,12573.09
2017-05-03,33.85,34.15,34.01,33.11,8180.4,0.48,1.43,34.306,34.744,35.83,8227.31,8900.69,12796.66
2017-05-02,34.5,34.77,33.53,33.5,6439.0,-1.08,-3.12,34.348,34.871,36.029,8369.96,9010.81,13160.57
2017-04-28,34.69,34.98,34.61,34.47,6431.05,-0.27,-0.77,34.418,35.009,36.261,9433.17,9514.02,14267.55
2017-04-27,34.8,34.94,34.88,33.33,12608.13,0.38,1.1,34.656,35.236,36.504,9712.76,9774.35,15907.31
2017-04-26,34.08,35.68,34.5,33.86,7477.98,0.28,0.82,34.916,35.442,36.889,9073.36,9410.17,18121.97
2017-04-25,33.84,34.25,34.22,33.22,8893.66,0.34,1.0,35.182,35.672,37.447,9574.07,10802.56,22474.85
2017-04-24,35.78,35.8,33.88,32.71,11755.04,-1.92,-5.36,35.394,35.861,38.026,9651.65,11758.97,26660.78
2017-04-21,36.23,36.23,35.8,35.13,7829.0,-0.38,-1.05,35.6,36.0,38.467,9594.87,13420.01,27861.63
2017-04-20,35.83,36.28,36.18,35.66,9411.14,0.35,0.98,35.816,36.28,38.857,9835.93,14515.66,29587.32
2017-04-19,35.4,35.95,35.83,34.5,9981.49,0.55,1.56,35.968,36.657,39.185,9746.98,16478.62,30265.91
2017-04-18,35.6,35.6,35.28,34.8,9281.6,0.37,1.06,36.162,36.916,39.484,12031.05,16692.62,30716.46
2017-04-17,35.8,36.6,34.91,34.7,11471.13,-1.97,-5.34,36.328,37.186,39.799,13866.28,17310.33,31437.74
2017-04-14,36.8,37.0,36.88,36.22,9034.28,-0.06,-0.16,36.4,37.513,40.16,17245.14,19021.07,32045.52
2017-04-13,36.76,37.18,36.94,36.51,8966.4,0.14,0.38,36.744,37.772,40.389,19195.4,22040.28,32875.04
2017-04-12,35.85,37.42,36.8,35.55,21401.85,0.69,1.91,37.346,38.336,40.7,23210.26,26833.77,34120.89
2017-04-11,35.35,36.13,36.11,34.31,18457.75,0.84,2.38,37.67,39.222,40.994,21354.19,34147.15,34737.22
2017-04-10,38.9,38.9,35.27,34.9,28365.42,-3.33,-8.63,38.044,40.191,41.371,20754.38,41562.58,37706.5
2017-04-07,39.57,39.87,38.6,38.59,18785.56,-1.35,-3.38,38.626,40.933,41.819,20797.0,42303.25,39596.22
2017-04-06,38.42,40.46,39.95,38.15,29040.71,1.53,3.98,38.8,41.433,41.9,24885.16,44658.98,40471.06
2017-04-05,37.5,38.6,38.42,37.2,12121.53,0.44,1.16,39.326,41.713,41.858,30457.29,44053.21,40085.65
2017-03-31,38.19,38.78,37.98,37.5,15458.66,-0.2,-0.52,40.774,42.051,41.887,46940.1,44740.3,40838.1
2017-03-30,38.94,39.33,38.18,36.66,28578.54,-1.29,-3.27,42.338,42.411,41.862,62370.79,45565.15,40753.04
2017-03-29,42.62,44.0,39.47,39.45,39226.37,-3.11,-7.3,43.24,42.806,41.808,63809.49,45069.97,40105.37
2017-03-28,44.1,44.9,42.58,42.43,56901.35,-3.08,-6.75,44.066,43.006,41.716,64432.79,43709.8,38848.06
2017-03-27,45.0,47.7,45.66,44.68,94535.57,-0.14,-0.31,44.1,43.063,41.451,57649.12,41408.0,36600.47
2017-03-24,42.1,46.6,45.8,42.1,92612.11,3.11,7.29,43.328,42.766,41.035,42540.49,35327.3,32610.68
2017-03-23,43.61,44.5,42.69,41.63,35772.07,-0.91,-2.09,42.484,42.55,40.623,28759.51,33850.42,28698.26
2017-03-22,42.76,44.06,43.6,42.19,42342.84,0.85,1.99,42.372,42.705,40.355,26330.44,36889.19,27569.19
2017-03-21,41.81,42.82,42.75,41.68,22983.02,0.95,2.27,41.946,42.367,40.021,22986.81,36283.14,26211.41
2017-03-20,40.7,41.92,41.8,40.68,18992.42,0.22,0.53,42.026,42.002,39.772,25166.88,36118.1,25910.88
2017-03-17,41.9,43.14,41.58,41.58,23707.2,-0.55,-1.3,42.204,41.722,39.538,28114.11,36935.91,26413.96
2017-03-16,41.53,42.59,42.13,41.49,23626.73,0.66,1.59,42.616,41.313,39.388,38941.33,35940.94,26706.19
2017-03-15,42.69,42.75,41.47,41.41,25624.7,-1.68,-3.89,43.038,40.81,39.278,47447.93,35140.77,28307.63
2017-03-14,42.62,43.68,43.15,42.1,33883.37,0.46,1.08,42.788,40.425,39.154,49579.47,33986.32,29445.75
2017-03-13,43.64,43.69,42.69,42.0,33728.57,-0.95,-2.18,41.978,39.839,38.906,47069.32,31792.93,30255.01
2017-03-10,43.8,45.47,43.64,42.03,77843.29,-0.6,-1.36,41.24,39.303,38.582,45757.71,29894.05,29383.48
2017-03-09,40.23,44.24,44.24,39.01,66159.72,4.02,9.99,40.01,38.695,38.163,32940.54,23546.11,26081.13
2017-03-08,39.1,42.39,40.22,39.01,36282.42,1.12,2.86,38.582,38.005,37.744,22833.6,18249.2,23566.16
2017-03-07,39.01,39.48,39.1,38.56,21332.6,0.1,0.26,38.062,37.675,37.531,18393.16,16139.67,22796.63
2017-03-06,37.48,39.27,39.0,37.48,27170.5,1.51,4.03,37.7,37.541,37.325,16516.55,15703.66,22445.06
2017-03-03,36.94,37.58,37.49,36.28,13757.45,0.39,1.05,37.366,37.353,37.119,14030.39,15892.01,21761.39
2017-03-02,37.7,37.85,37.1,36.95,15625.05,-0.52,-1.38,37.38,37.462,36.935,14151.68,17471.44,21389.09
2017-03-01,37.29,37.95,37.62,37.29,14080.2,0.33,0.89,37.428,37.745,36.789,13664.79,21474.49,21085.08
2017-02-28,37.0,37.33,37.29,36.52,11949.53,-0.04,-0.11,37.288,37.883,36.594,13886.17,24905.18,20816.33
2017-02-27,37.56,38.32,37.33,37.33,14739.73,-0.23,-0.61,37.382,37.973,36.389,14890.78,28717.08,20594.19
2017-02-24,37.21,37.76,37.56,37.04,14363.88,0.22,0.59,37.34,37.86,36.23,17753.62,28872.92,20375.17
2017-02-23,37.0,37.8,37.34,37.0,13190.62,0.42,1.14,37.544,37.63,36.052,20791.2,28616.16,20431.94
2017-02-22,37.65,37.65,36.92,36.78,15187.11,-0.84,-2.23,38.062,37.482,35.843,29284.19,28883.12,20351.81
2017-02-21,37.38,38.08,37.76,36.8,16972.57,0.64,1.72,38.478,37.386,35.63,35924.19,29453.6,20069.84
2017-02-20,38.47,38.99,37.12,36.0,29053.93,-1.46,-3.78,38.564,37.109,35.431,42543.38,29186.46,20076.24
2017-02-17,39.8,39.9,38.58,38.51,29551.76,-1.35,-3.38,38.38,36.885,35.19,39992.21,27630.77,19572.35
2017-02-16,38.44,40.29,39.93,38.12,55655.57,0.93,2.38,37.716,36.408,34.995,36441.12,25306.75,19061.55
2017-02-15,38.0,39.7,39.0,37.3,48387.11,0.81,2.12,36.902,35.833,34.854,28482.06,20695.67,16735.01
2017-02-14,36.05,39.7,38.19,36.01,50068.55,1.99,5.5,36.294,35.305,34.776,22983.01,16727.48,14946.51
2017-02-13,35.24,36.2,36.2,35.01,16298.08,0.94,2.67,35.654,34.805,34.821,15829.53,12471.29,12853.58
2017-02-10,35.81,35.99,35.26,35.1,11796.27,-0.6,-1.67,35.39,34.6,34.972,15269.32,11877.42,12592.79
2017-02-09,35.6,36.28,35.86,35.6,15860.28,-0.1,-0.28,35.1,34.473,35.205,14172.38,12247.73,12795.49
2017-02-08,34.79,36.25,35.96,34.7,20891.89,0.97,2.77,34.764,34.204,35.483,12909.28,11820.49,12564.38
2017-02-07,34.89,35.31,34.99,34.18,14301.12,0.11,0.32,34.316,33.873,35.806,10471.95,10686.08,12222.4
2017-02-06,33.97,35.0,34.88,33.61,13497.02,1.07,3.17,33.956,33.752,36.14,9113.06,10966.02,11972.79
2017-02-03,34.21,34.39,33.81,33.55,6311.57,-0.37,-1.08,33.81,33.495,36.439,8485.53,11513.94,11688.39
2017-01-26,33.95,34.29,34.18,33.8,9544.79,0.46,1.36,33.846,33.582,36.793,10323.08,12816.36,11935.12
2017-01-25,33.26,33.82,33.72,33.1,8705.24,0.53,1.6,33.644,33.875,37.147,10731.71,12774.34,11832.76
2017-01-24,34.15,34.33,33.19,33.03,7506.67,-0.96,-2.81,33.43,34.246,37.569,10900.21,13165.53,11770.52
2017-01-23,34.01,34.66,34.15,33.71,10359.38,0.16,0.47,33.548,34.836,38.032,12818.97,13235.86,12091.97
2017-01-20,33.0,34.49,33.99,32.53,15499.34,0.82,2.47,33.18,35.344,38.41,14542.34,13308.16,12576.99
2017-01-19,32.5,33.9,33.17,32.0,11587.91,0.52,1.59,33.318,35.936,38.931,15309.64,13343.26,12830.62
2017-01-18,33.57,33.64,32.65,32.53,9547.76,-1.13,-3.35,34.106,36.761,39.457,14816.98,13308.26,12800.14
2017-01-17,32.03,34.48,33.78,31.75,17100.48,1.47,4.55,35.062,37.739,39.983,15430.86,13758.73,12760.46
2017-01-16,34.61,34.68,32.31,31.52,18976.23,-2.37,-6.83,36.124,38.527,40.481,13652.74,12979.56,12351.58
2017-01-13,37.11,37.28,34.68,34.68,19335.83,-2.43,-6.55,37.508,39.383,41.065,12073.98,11862.84,12191.44
2017-01-12,37.2,37.78,37.11,37.08,9124.58,-0.32,-0.85,38.554,40.004,41.548,11376.87,11053.88,12709.98
2017-01-11,39.04,39.28,37.43,37.42,12617.16,-1.66,-4.25,39.416,40.418,41.931,11799.54,10891.19,14068.68
2017-01-10,39.33,39.65,39.09,38.91,8209.91,-0.14,-0.36,40.416,40.891,42.201,12086.6,10375.51,14402.74
2017-01-09,39.8,39.8,39.23,38.7,11082.42,-0.68,-1.7,40.93,41.227,42.399,12306.37,10948.09,15321.75
2017-01-06,41.53,41.7,39.91,39.8,15850.3,-1.51,-3.65,41.258,41.476,42.828,11651.69,11845.82,15584.86
2017-01-05,42.39,42.49,41.42,41.3,11237.9,-1.01,-2.38,41.454,41.925,43.289,10730.89,12317.98,15366.18
2017-01-04,41.67,42.45,42.43,41.41,14052.48,0.77,1.85,41.42,42.153,43.71,9982.84,12292.03,15662.15
2017-01-03,40.9,41.96,41.66,40.9,9308.76,0.79,1.93,41.366,42.227,44.068,8664.41,11762.18,15474.02
2016-12-30,40.9,41.38,40.87,40.65,7809.02,-0.02,-0.05,41.524,42.434,44.455,9589.81,11723.6,15717.92
2016-12-29,41.77,41.99,40.89,40.76,11246.29,-0.36,-0.87,41.694,42.747,44.914,12039.94,12520.05,16518.33
2016-12-28,42.18,42.32,41.25,40.9,7497.63,-0.91,-2.16,42.396,43.091,45.467,13905.08,14366.08,16745.14
2016-12-27,42.44,42.65,42.16,42.09,7460.34,-0.29,-0.68,42.886,43.444,45.968,14601.22,17246.18,17842.8
2016-12-26,41.05,42.58,42.45,40.1,13935.75,0.73,1.75,43.088,43.51,46.518,14859.96,18429.98,18964.28
2016-12-23,44.6,44.6,41.72,41.7,20059.68,-2.68,-6.04,43.344,43.57,47.185,13857.4,19695.4,20218.45
2016-12-22,43.7,45.24,44.4,43.52,20571.99,0.7,1.6,43.8,44.18,47.848,13000.17,19323.91,20570.6
2016-12-21,43.24,43.87,43.7,43.09,10978.36,0.53,1.23,43.786,44.653,48.382,14827.09,18414.37,20917.35
2016-12-20,43.46,44.0,43.17,43.04,8754.0,-0.56,-1.28,44.002,45.266,48.932,19891.13,19032.27,22257.95
2016-12-19,44.0,44.48,43.73,43.52,8922.98,-0.27,-0.61,43.932,45.909,49.641,22000.0,19185.85,24259.89
2016-12-16,44.2,44.65,44.0,43.48,15773.51,-0.33,-0.74,43.796,46.476,50.215,25533.4,19712.23,25560.55
2016-12-15,44.13,45.71,44.33,43.89,29706.6,-0.45,-1.0,44.56,47.081,50.72,25647.65,20516.6,26294.31
2016-12-14,42.35,45.29,44.78,40.95,36298.58,1.96,4.58,45.52,47.842,51.204,22001.65,19124.19,25924.93
2016-12-13,42.08,43.38,42.82,41.51,19298.34,-0.23,-0.53,46.53,48.492,51.667,18173.4,18439.43,26620.4
2016-12-12,47.8,47.97,43.05,43.04,26589.97,-4.77,-9.97,47.886,49.526,52.385,16371.7,19498.58,27261.52
2016-12-09,48.8,49.2,47.82,47.63,16344.76,-1.31,-2.67,49.156,50.8,53.072,13891.06,20741.5,28915.51
2016-12-08,49.85,49.97,49.13,49.1,11476.58,-0.7,-1.41,49.602,51.515,53.631,15385.55,21817.29,31600.39
2016-12-07,49.88,50.14,49.83,48.88,17157.33,0.23,0.46,50.164,52.111,54.22,16246.73,23420.33,37091.22
2016-12-06,49.71,50.5,49.6,49.51,10289.84,0.2,0.41,50.454,52.598,54.763,18705.46,25483.63,42458.45
2016-12-05,48.94,50.69,49.4,48.65,14186.81,-0.65,-1.3,51.166,53.372,55.071,22625.46,29333.92,45612.0
2016-12-02,52.0,52.34,50.05,50.0,23817.19,-1.89,-3.64,52.444,53.954,55.276,27591.93,31408.87,47311.3
2016-12-01,51.53,52.48,51.94,51.3,15782.5,0.66,1.29,53.428,54.359,55.423,28249.04,32072.03,48716.95
2016-11-30,52.6,53.0,51.28,50.7,29450.96,-1.88,-3.54,54.058,54.565,55.37,30593.93,32725.67,49690.7
2016-11-29,54.98,54.98,53.16,53.16,29889.86,-2.63,-4.71,54.742,54.842,55.381,32261.8,34801.37,49916.72
2016-11-28,54.98,56.56,55.79,54.45,39019.13,0.82,1.49,55.578,55.243,55.443,36042.38,35024.45,52412.8
2016-11-25,54.81,55.49,54.97,52.11,27102.74,-0.12,-0.22,55.464,55.344,55.369,35225.82,37089.52,53821.19
2016-11-24,54.0,55.58,55.09,54.0,27506.97,0.39,0.71,55.29,55.747,55.215,35895.02,41383.48,54596.97
2016-11-23,57.0,57.34,54.7,54.55,37790.28,-2.64,-4.6,55.072,56.328,55.144,34857.41,50762.1,56467.63
2016-11-22,55.09,57.68,57.34,55.09,48792.79,2.12,3.84,54.942,56.928,54.974,37340.94,59433.28,56217.05
2016-11-21,54.14,55.41,55.22,53.05,34936.31,1.12,2.07,54.908,56.769,54.686,34006.52,61890.07,56215.59
2016-11-18,54.08,55.74,54.1,53.86,30448.74,0.1,0.18,55.224,56.597,54.554,38953.22,63213.72,56434.99
2016-11-17,54.05,54.35,54.0,53.01,22318.91,-0.05,-0.09,56.204,56.487,54.514,46871.95,65361.87,57076.07
2016-11-16,57.17,57.25,54.05,54.0,50207.95,-3.12,-5.46,57.584,56.175,54.474,66666.79,66655.73,57965.58
2016-11-15,56.82,57.68,57.17,56.43,32120.68,0.37,0.65,58.914,55.92,54.419,81525.61,65032.06,57223.5
2016-11-14,58.51,59.0,56.8,56.21,59669.8,-2.2,-3.73,58.63,55.643,54.21,89773.62,69801.16,57052.72
2016-11-11,60.05,62.3,59.0,58.5,70042.4,-1.9,-3.12,57.97,55.393,53.998,87474.23,70552.86,55964.0
2016-11-10,60.1,63.45,60.9,59.1,121293.12,0.2,0.33,56.77,54.683,53.757,83851.8,67810.46,54728.32
2016-11-09,55.29,61.33,60.7,54.85,124502.07,4.95,8.88,54.766,53.959,53.457,66644.68,62173.16,51960.72
2016-11-08,53.38,56.52,55.75,52.88,73360.7,2.25,4.21,52.926,53.019,53.045,48538.51,53000.83,48063.89
2016-11-07,53.55,54.68,53.5,52.4,48172.84,0.5,0.94,52.656,52.602,52.779,49828.7,50541.11,46782.41
2016-11-04,50.62,53.88,53.0,50.6,51930.27,2.12,4.17,52.816,52.51,52.727,53631.49,49656.27,47792.54
2016-11-03,51.41,52.08,50.88,50.73,35257.5,-0.62,-1.2,52.596,52.54,52.552,51769.11,48790.26,47883.21
2016-11-02,51.0,52.47,51.5,50.7,33971.26,0.16,0.31,53.152,52.772,52.393,57701.64,49275.43,47774.8
2016-10-28,53.87,56.7,54.4,53.66,79811.62,0.1,0.18,53.112,52.918,52.193,57463.14,49414.93,48179.45
2016-10-27,51.97,54.82,54.3,51.31,67186.82,2.4,4.62,52.548,52.776,51.973,51253.52,44304.29,46531.1
2016-10-26,52.7,53.0,51.9,51.27,42618.35,-1.76,-3.28,52.204,52.603,51.841,45681.04,41375.13,46563.65
2016-10-25,51.65,54.29,53.66,51.39,64920.17,2.36,4.6,52.484,52.831,51.937,45811.41,41646.18,47666.29
2016-10-24,51.01,52.85,51.3,50.82,32778.73,-0.28,-0.54,52.392,52.955,52.008,40849.21,41748.28,47978.09
2016-10-21,52.5,53.4,51.58,50.67,48763.52,-1.0,-1.9,52.724,53.07,52.161,41366.73,43126.96,49771.43
2016-10-20,53.01,53.96,52.58,51.95,39324.43,-0.72,-1.35,53.004,52.955,52.276,37355.06,43023.71,51755.69
2016-10-19,53.2,54.0,53.3,52.38,43270.19,0.1,0.19,53.002,52.943,52.42,37069.23,45928.81,55915.28
2016-10-18,52.95,53.75,53.2,52.52,40109.19,0.24,0.45,53.178,52.563,52.646,37480.95,46976.16,60484.43
2016-10-17,52.5,53.5,52.96,51.01,35366.31,-0.02,-0.04,53.518,52.014,52.614,42647.36,46274.17,63478.25
2016-10-14,51.78,53.85,52.98,51.59,28705.2,0.41,0.78,53.416,51.468,52.704,44887.19,46943.97,67752.56
2016-10-13,53.8,54.42,52.57,52.36,37895.24,-1.61,-2.97,52.906,51.17,52.983,48692.35,48757.91,76232.83
2016-10-12,54.03,54.49,54.18,53.03,45328.81,-0.72,-1.31,52.884,51.078,53.161,54788.4,51752.17,81682.15
2016-10-11,51.8,55.55,54.9,51.67,65941.22,2.45,4.67,51.948,51.043,53.003,56471.36,53686.4,79468.48
2016-10-10,51.4,53.0,52.45,50.28,46565.47,2.02,4.01,50.51,51.061,52.578,49900.98,54207.89,76203.37
2016-09-30,51.7,52.46,50.43,50.22,47731.03,-2.03,-3.87,49.52,51.251,52.064,49000.75,56415.9,73899.1
2016-09-29,49.02,53.59,52.46,49.0,68375.45,2.96,5.98,49.434,51.596,51.459,48823.47,60487.66,71531.53
2016-09-28,47.05,50.93,49.5,47.05,53743.63,1.79,3.75,49.272,51.897,50.579,48715.93,65901.75,68128.32
2016-09-27,47.39,47.83,47.71,46.3,33089.33,0.21,0.44,50.138,52.729,49.688,50901.43,73992.7,65456.36
2016-09-26,49.5,49.7,47.5,47.5,42064.31,-2.5,-5.0,51.612,53.214,48.742,58514.8,80682.32,63815.25
2016-09-23,51.4,51.98,50.0,49.88,46844.64,-1.65,-3.19,52.982,53.939,47.676,63831.05,88561.14,61720.58
2016-09-22,53.82,53.85,51.65,51.55,67837.76,-2.18,-4.05,53.758,54.795,46.366,72151.85,103707.75,59383.05
2016-09-21,54.4,55.97,53.83,53.6,64671.12,-1.25,-2.27,54.522,55.243,44.866,83087.57,111612.14,55993.02
2016-09-20,54.0,55.89,55.08,53.21,71156.17,0.73,1.34,55.32,54.963,43.158,97083.96,105250.57,52762.32
2016-09-19,54.05,55.55,54.35,53.0,68645.54,0.47,0.87,54.816,54.094,41.298,102849.84,98198.86,49206.11
2016-09-14,54.7,55.32,53.88,52.8,88448.68,-1.59,-2.87,54.896,52.876,39.393,113291.24,91382.3,45776.58
2016-09-13,57.95,58.8,55.47,54.15,122516.35,-2.35,-4.06,55.832,51.322,37.437,135263.65,82575.4,41355.7
2016-09-12,50.92,57.82,57.82,50.7,134653.05,5.26,10.01,55.964,49.26,35.335,140136.71,70354.9,35232.03
2016-09-09,53.8,53.98,52.56,51.0,99985.6,-2.19,-4.0,54.606,46.646,33.055,113417.19,56920.03,28500.23
2016-09-08,55.95,56.51,54.75,54.1,120852.51,-3.81,-6.51,53.372,44.27,30.982,93547.87,46948.17,23508.65
2016-09-07,56.8,60.8,58.56,55.8,198310.75,2.43,4.33,50.856,41.413,29.731,69473.37,34880.01,18385.29
2016-09-06,56.13,56.13,56.13,54.22,146881.66,5.1,9.99,46.812,37.937,28.129,29887.15,15058.34,8389.43
2016-09-05,51.03,51.03,51.03,51.03,1055.42,4.64,10.0,42.556,34.488,26.482,573.08,373.89,242.83
2016-09-02,46.39,46.39,46.39,46.39,639.0,4.22,10.01,38.686,31.352,24.948,422.88,274.06,192.04
2016-09-01,42.17,42.17,42.17,42.17,480.0,3.83,9.99,35.168,28.501,23.518,348.48,213.36,162.25
2016-08-31,38.34,38.34,38.34,38.34,379.66,3.49,10.01,31.97,25.909,22.186,286.65,170.86,139.55
2016-08-30,34.85,34.85,34.85,34.85,311.31,3.17,10.01,29.062,23.552,20.943,229.54,136.0,121.08
2016-08-29,31.68,31.68,31.68,31.68,304.42,2.88,10.0,26.42,21.41,19.784,174.7,109.17,105.23
2016-08-26,28.8,28.8,28.8,28.8,267.0,2.62,10.01,24.018,19.463,18.703,125.24,80.42,87.12
2016-08-25,26.18,26.18,26.18,26.18,170.86,2.38,10.0,21.834,17.693,17.693,78.24,69.13,69.13
2016-08-24,23.8,23.8,23.8,23.8,94.1,2.16,9.98,19.848,16.75,16.75,55.08,57.83,57.83
2016-08-23,21.64,21.64,21.64,21.64,37.13,1.97,10.02,18.042,15.869,15.869,42.46,53.29,53.29
2016-08-22,19.67,19.67,19.67,19.67,57.1,1.79,10.01,16.4,15.044,15.044,43.63,55.6,55.6
2016-08-19,17.88,17.88,17.88,17.88,32.0,1.63,10.03,14.908,14.273,14.273,35.61,55.35,55.35
2016-08-18,16.25,16.25,16.25,16.25,55.05,1.48,10.02,13.552,13.552,13.552,60.02,60.02,60.02
2016-08-17,14.77,14.77,14.77,14.77,31.0,1.34,9.98,12.878,12.878,12.878,61.26,61.26,61.26
2016-08-16,13.43,13.43,13.43,13.43,43.0,1.22,9.99,12.247,12.247,12.247,71.35,71.35,71.35
2016-08-15,12.21,12.21,12.21,12.21,17.0,1.11,10.0,11.655,11.655,11.655,85.53,85.53,85.53
2016-08-12,9.25,11.1,11.1,9.25,154.05,3.39,43.97,11.1,11.1,11.1,154.05,154.05,154.05
