date,open,high,close,low,volume,price_change,p_change,ma5,ma10,ma20,v_ma5,v_ma10,v_ma20
2018-09-18,14.68,15.98,15.27,14.6,59477.53,0.42,2.83,14.686,14.537,14.313,38923.59,42168.78,30151.04
2018-09-17,14.2,14.91,14.85,14.12,40138.53,0.62,4.36,14.536,14.424,14.25,36824.51,37834.76,27996.36
2018-09-14,14.71,14.78,14.23,14.23,26987.97,-0.47,-3.2,14.37,14.325,14.205,35374.68,35740.24,26823.49
2018-09-13,14.55,14.77,14.7,14.28,34469.7,0.32,2.23,14.438,14.31,14.172,43770.72,35308.42,26269.89
2018-09-12,14.25,14.66,14.38,14.23,33544.21,-0.14,-0.96,14.518,14.225,14.131,48583.18,33423.1,25413.75
2018-09-11,14.02,15.42,14.52,13.79,48982.13,0.5,3.57,14.388,14.219,14.1,45413.97,31730.34,24355.54
2018-09-10,14.33,14.38,14.02,13.78,32889.37,-0.55,-3.77,14.312,14.198,14.082,38845.01,28514.95,22775.54
2018-09-07,14.92,15.1,14.57,14.16,68968.19,-0.53,-3.51,14.28,14.24,14.094,36105.8,27774.21,22369.07
2018-09-06,13.71,15.1,15.1,13.68,58532.0,1.37,9.98,14.182,14.187,14.062,26846.12,22560.19,19641.51
2018-09-05,14.05,14.25,13.73,13.67,17698.17,-0.41,-2.9,13.932,14.078,14.001,18263.01,18613.32,18096.08
2018-09-04,13.86,14.23,14.14,13.6,16137.31,0.28,2.02,14.05,14.089,13.994,18046.71,18133.3,18094.25
2018-09-03,14.0,14.08,13.86,13.36,19193.33,-0.22,-1.56,14.084,14.076,13.976,18184.89,18157.97,18015.43
2018-08-31,13.7,14.45,14.08,13.66,22669.78,0.23,1.66,14.2,14.085,13.958,19442.63,17906.74,17952.87
2018-08-30,14.32,14.46,13.85,13.85,15616.46,-0.47,-3.28,14.192,14.034,13.949,18274.27,17231.36,17959.93
2018-08-29,14.35,14.54,14.32,14.22,16616.69,0.01,0.07,14.224,14.036,13.948,18963.62,17404.41,18301.71
2018-08-28,14.48,14.52,14.31,14.22,16828.2,-0.13,-0.9,14.128,13.98,13.949,18219.88,16980.74,18292.62
2018-08-27,14.1,14.48,14.44,14.1,25482.0,0.4,2.85,14.068,13.966,13.976,18131.04,17036.12,18069.71
2018-08-24,13.96,14.24,14.04,13.91,16828.0,0.03,0.21,13.97,13.948,13.995,16370.84,16963.92,17768.76
2018-08-23,13.72,14.24,14.01,13.72,19063.21,0.17,1.23,13.876,13.937,14.07,16188.44,16722.82,17709.66
2018-08-22,14.0,14.1,13.84,13.79,12898.0,-0.17,-1.21,13.848,13.923,14.146,15845.2,17578.85,17985.33
2018-08-21,13.85,14.16,14.01,13.72,16384.0,0.06,0.43,13.832,13.899,14.246,15741.6,18055.2,18599.36
2018-08-20,13.44,13.98,13.95,13.34,16681.01,0.38,2.8,13.864,13.875,14.351,15941.2,17872.9,19069.55
2018-08-17,13.98,14.3,13.57,13.5,15916.0,-0.3,-2.16,13.926,13.83,14.459,17557.0,17999.0,19837.35
2018-08-16,13.77,14.09,13.87,13.56,17347.0,0.11,0.8,13.998,13.863,14.585,17257.2,18688.5,20958.24
2018-08-15,14.1,14.2,13.76,13.7,12380.0,-0.41,-2.89,13.998,13.859,14.704,19312.5,19199.0,23358.89
2018-08-14,14.26,14.39,14.17,14.05,17382.0,-0.09,-0.63,13.966,13.918,14.796,20368.8,19604.5,24806.22
2018-08-13,13.82,14.33,14.26,13.51,24760.0,0.33,2.37,13.886,13.986,14.856,19804.6,19103.3,25038.8
2018-08-10,13.87,13.96,13.93,13.69,14417.0,0.06,0.43,13.734,14.042,14.915,18441.0,18573.6,24873.2
2018-08-09,13.51,14.2,13.87,13.51,27623.5,0.27,1.99,13.728,14.203,14.993,20119.8,18696.5,25859.4
2018-08-08,13.8,14.16,13.6,13.58,17661.49,-0.17,-1.24,13.72,14.369,15.064,19085.5,18391.81,26111.52
2018-08-07,13.56,13.78,13.77,13.45,14561.0,0.27,2.0,13.87,14.593,15.126,18840.2,19143.53,26519.75
2018-08-06,13.0,13.85,13.5,13.0,17942.0,-0.4,-2.88,14.086,14.826,15.203,18402.0,20266.2,26857.75
2018-08-03,14.3,14.58,13.9,13.9,22811.0,0.07,0.51,14.35,15.088,15.29,18706.2,21675.7,26970.95
2018-08-02,14.21,14.44,13.83,13.0,22452.0,-0.52,-3.62,14.678,15.307,15.34,17273.2,23227.99,27225.74
2018-08-01,14.79,14.95,14.35,14.35,16435.0,-0.5,-3.37,15.018,15.548,15.374,17698.13,27518.78,27210.64
2018-07-31,14.94,15.05,14.85,14.75,12370.0,0.03,0.2,15.316,15.674,15.402,19446.85,30007.93,27774.64
2018-07-30,15.53,15.68,14.82,14.67,19463.0,-0.72,-4.63,15.566,15.726,15.433,22130.39,30974.31,28719.14
2018-07-27,15.53,15.73,15.54,15.32,15646.0,0.01,0.06,15.826,15.788,15.437,24645.19,31172.81,29125.8
2018-07-26,15.85,15.91,15.53,15.37,24576.63,-0.31,-1.96,15.936,15.782,15.431,29182.78,33022.31,29756.95
2018-07-25,16.11,16.26,15.84,15.8,25178.64,-0.26,-1.61,16.078,15.758,15.388,37339.44,33831.23,29778.89
2018-07-24,16.18,16.24,16.1,15.9,25787.69,-0.02,-0.12,16.032,15.659,15.349,40569.01,33895.98,30163.48
2018-07-23,15.93,16.47,16.12,15.83,32037.0,0.03,0.19,15.886,15.58,15.276,39818.23,33449.31,30334.84
2018-07-20,16.06,16.2,16.09,15.72,38333.93,-0.15,-0.92,15.75,15.491,15.178,37700.43,32266.21,29689.68
2018-07-19,15.54,16.4,16.24,15.4,65359.93,0.63,4.04,15.628,15.373,15.094,36861.84,31223.49,28898.99
2018-07-18,15.43,15.85,15.61,15.27,41326.5,0.24,1.56,15.438,15.199,14.985,30323.03,26902.5,27243.74
2018-07-17,15.31,15.43,15.37,15.1,22033.77,-0.07,-0.45,15.286,15.129,14.964,27222.95,25541.35,26592.87
2018-07-16,15.12,15.54,15.44,15.1,21448.0,-0.04,-0.26,15.274,15.139,14.949,27080.39,26463.97,26987.68
2018-07-13,15.19,16.19,15.48,15.19,34141.0,0.19,1.24,15.232,15.086,15.015,26831.99,27078.78,27420.04
2018-07-12,14.7,15.5,15.29,14.65,32665.87,0.44,2.96,15.118,15.079,15.093,25585.15,26491.58,27655.93
2018-07-11,15.0,15.03,14.85,14.51,25826.1,-0.46,-3.0,14.96,15.018,15.196,23481.97,25726.54,30067.93
2018-07-10,15.5,15.5,15.31,15.1,21321.0,0.08,0.53,14.972,15.038,15.34,23859.75,26430.98,31043.86
2018-07-09,15.13,15.25,15.23,14.91,20206.0,0.32,2.15,15.004,14.972,15.381,25847.55,27220.36,31066.27
2018-07-06,14.5,15.21,14.91,14.32,27906.77,0.41,2.83,14.94,14.865,15.457,27325.57,27113.15,31256.5
2018-07-05,14.76,15.25,14.5,14.48,22150.0,-0.41,-2.75,15.04,14.814,15.54,27398.02,26574.48,30950.01
2018-07-04,15.35,15.35,14.91,14.79,27715.0,-0.56,-3.62,15.076,14.77,15.669,27971.11,27584.98,30922.36
2018-07-03,14.98,15.54,15.47,14.8,31260.0,0.56,3.76,15.104,14.798,15.778,29002.2,27644.38,30568.01
2018-07-02,15.3,15.4,14.91,14.7,27596.1,-0.5,-3.25,14.94,14.759,15.834,28593.17,27511.38,29657.61
2018-06-29,14.75,15.46,15.41,14.75,28269.0,0.73,4.97,14.79,14.943,15.904,26900.73,27761.29,29423.25
2018-06-28,14.73,15.07,14.68,14.66,25015.44,-0.37,-2.46,14.588,15.106,15.965,25750.94,28820.27,29174.26
2018-06-27,14.74,15.09,15.05,14.5,32870.44,0.4,2.73,14.464,15.374,16.047,27198.85,34409.32,29676.68
2018-06-26,13.59,14.84,14.65,13.58,29214.89,0.49,3.46,14.492,15.642,16.181,26286.56,35656.74,29560.14
2018-06-25,14.69,14.71,14.16,14.11,19133.9,-0.24,-1.67,14.578,15.789,16.335,26429.59,34912.18,31540.63
2018-06-22,14.05,14.51,14.4,13.7,22520.03,0.34,2.42,15.096,16.049,16.602,28621.85,35399.84,33204.39
2018-06-21,15.1,15.35,14.06,14.03,32255.0,-1.13,-7.44,15.624,16.266,16.904,31889.6,35325.54,35261.32
2018-06-20,14.99,15.49,15.19,14.3,28309.0,0.11,0.73,16.284,16.568,17.213,41619.79,34259.74,37498.83
2018-06-19,16.4,16.41,15.08,15.08,29930.0,-1.67,-9.97,16.792,16.757,17.438,45026.92,33491.64,38360.78
2018-06-15,16.99,17.25,16.75,16.21,30095.2,-0.29,-1.7,17.0,16.909,17.678,43394.78,31803.84,40025.11
2018-06-14,17.14,17.37,17.04,16.8,38858.81,-0.32,-1.84,17.002,16.864,17.832,42177.83,31085.22,41414.0
2018-06-13,18.1,18.1,17.36,17.3,80905.95,-0.37,-2.09,16.908,16.824,17.999,38761.47,29528.25,44281.95
2018-06-12,16.2,17.73,17.73,16.06,45344.63,1.61,9.99,16.852,16.72,18.123,26899.68,24944.03,44092.06
2018-06-11,16.5,16.73,16.12,16.04,21769.32,-0.64,-3.82,16.722,16.72,18.233,21956.35,23463.53,46373.76
2018-06-08,16.57,16.83,16.76,16.21,24010.44,0.19,1.15,16.818,16.881,18.333,20212.89,28169.08,46607.35
2018-06-07,17.3,17.3,16.57,16.5,21777.0,-0.51,-2.99,16.726,17.155,18.425,19992.6,31008.94,46750.14
2018-06-06,17.02,17.35,17.08,16.86,21597.0,0.0,0.0,16.74,17.541,18.554,20295.04,35197.1,47155.79
2018-06-05,16.63,17.17,17.08,16.48,20628.0,0.48,2.89,16.588,17.857,18.659,22988.39,40737.92,47725.72
2018-06-04,16.52,16.85,16.6,16.36,13052.0,0.3,1.84,16.718,18.119,18.77,24970.71,43229.92,48445.87
2018-06-01,16.64,16.95,16.3,16.23,22909.0,-0.34,-2.04,16.944,18.446,18.909,36125.27,48246.38,50345.14
2018-05-31,16.45,16.95,16.64,16.44,23289.2,0.32,1.96,17.584,18.8,19.009,42025.27,51742.78,51039.84
2018-05-30,17.03,17.28,16.32,16.31,35063.73,-1.41,-7.95,18.342,19.173,19.113,50099.15,59035.65,52026.7
2018-05-29,17.61,18.15,17.73,17.6,30539.63,0.0,0.0,19.126,19.526,19.178,58487.46,63240.1,51823.11
2018-05-28,19.01,19.17,17.73,17.55,68824.8,-1.77,-9.08,19.52,19.746,19.209,61489.13,69283.98,51547.69
2018-05-25,20.3,20.38,19.5,19.45,52409.0,-0.93,-4.55,19.948,19.785,19.251,60367.48,65045.62,49499.24
2018-05-24,20.01,20.44,20.43,19.74,63658.59,0.19,0.94,20.016,19.694,19.235,61460.29,62491.35,48844.63
2018-05-23,19.53,20.54,20.24,19.53,77005.26,0.54,2.74,20.004,19.566,19.158,67972.15,59114.48,47282.56
2018-05-22,19.62,19.82,19.7,19.27,45548.0,-0.17,-0.86,19.926,19.461,19.055,67992.73,54713.52,45309.85
2018-05-21,19.6,20.13,19.87,19.1,63216.57,0.03,0.15,19.972,19.42,19.017,77078.83,53661.82,44834.18
2018-05-18,20.06,20.3,19.84,19.53,57873.01,-0.53,-2.6,19.622,19.371,19.005,69723.75,52443.91,43692.76
2018-05-17,19.56,20.88,20.37,19.56,96217.91,0.52,2.62,19.372,19.218,18.991,63522.4,50336.91,43188.66
2018-05-16,20.0,20.3,19.85,19.36,77108.18,-0.08,-0.4,19.128,19.052,18.927,50256.81,45017.75,41759.9
2018-05-15,18.15,19.93,19.93,18.15,90978.47,1.81,9.99,18.996,18.83,18.964,41434.31,40406.12,40525.76
2018-05-14,18.6,18.89,18.12,18.1,26441.17,-0.47,-2.53,18.868,18.672,19.034,30244.82,33811.41,40577.18
2018-05-11,19.2,19.29,18.59,18.58,26866.29,-0.56,-2.92,19.12,18.716,19.155,35164.07,33952.86,41368.96
2018-05-10,19.25,19.38,19.15,18.78,29889.93,-0.04,-0.21,19.064,18.776,19.245,37151.41,35197.91,42202.81
2018-05-09,19.31,19.49,19.19,19.03,32995.71,-0.07,-0.36,18.976,18.749,19.317,39778.68,35450.65,43068.77
2018-05-08,19.7,19.72,19.29,19.03,35031.0,-0.09,-0.46,18.664,18.648,19.368,39377.93,35906.18,43605.66
2018-05-07,18.38,19.63,19.38,18.38,51037.4,1.07,5.84,18.476,18.613,19.417,37377.99,36006.54,44556.44
2018-05-04,18.7,19.1,18.31,18.07,36803.0,-0.4,-2.14,18.312,18.639,19.474,32741.66,34941.6,45946.66
2018-05-03,17.7,19.1,18.71,17.3,43026.3,1.08,6.13,18.488,18.764,19.643,33244.41,36040.42,48375.6
2018-05-02,18.25,18.6,17.63,17.11,30991.96,-0.72,-3.92,18.522,18.801,19.828,31122.61,38502.06,51551.77
2018-04-27,18.69,19.0,18.35,18.11,25031.3,-0.21,-1.13,18.632,19.097,20.049,32434.42,40645.4,56261.18
2018-04-26,19.03,19.34,18.56,18.56,27855.74,-0.63,-3.28,18.75,19.396,20.26,34635.09,47342.95,60379.41
2018-04-25,18.94,19.55,19.19,18.61,39316.76,0.31,1.64,18.966,19.594,20.482,37141.55,48785.06,68479.61
2018-04-24,18.35,18.99,18.88,18.1,32417.29,0.7,3.85,19.04,19.713,20.64,38836.43,49207.71,73450.04
2018-04-23,19.18,19.2,18.18,17.55,37551.0,-0.76,-4.01,19.08,19.884,20.751,45881.51,50686.89,81309.63
2018-04-20,19.48,19.97,18.94,18.84,36034.68,-0.7,-3.56,19.562,20.088,20.924,48856.39,51305.15,86526.06
2018-04-19,19.5,19.98,19.64,19.21,40388.0,0.08,0.41,20.042,20.221,20.96,60050.81,53106.35,89069.77
2018-04-18,19.18,19.71,19.56,18.55,47791.2,0.48,2.52,20.222,20.309,20.951,60428.57,56951.72,90149.22
2018-04-17,20.65,20.85,19.08,18.81,67642.68,-1.51,-7.33,20.386,20.521,20.968,59578.98,60710.78,92036.9
2018-04-16,20.7,21.22,20.59,20.32,52425.39,-0.75,-3.52,20.688,20.855,21.015,55492.27,64601.49,93112.23
2018-04-13,21.15,21.71,21.34,20.95,92006.79,0.8,3.9,20.614,21.0,20.952,53753.91,71876.96,93990.34
2018-04-12,20.31,20.79,20.54,20.2,42276.81,0.16,0.79,20.4,21.123,20.879,46161.88,73415.87,92276.59
2018-04-11,20.71,20.81,20.38,20.38,43543.21,-0.21,-1.02,20.396,21.369,20.857,53474.86,88174.15,93807.68
2018-04-10,20.49,20.59,20.59,19.85,47209.16,0.37,1.83,20.656,21.566,20.866,61842.59,97692.38,96837.67
2018-04-09,20.26,20.54,20.22,19.77,43733.58,-0.05,-0.25,21.022,21.617,20.839,73710.7,111932.37,99540.69
2018-04-04,20.69,21.0,20.27,20.25,54046.63,-0.25,-1.22,21.386,21.759,20.782,90000.01,121746.97,101564.3
2018-04-03,20.99,21.1,20.52,20.08,78841.71,-1.16,-5.35,21.846,21.699,20.716,100669.87,125033.2,103140.19
2018-04-02,22.44,22.45,21.68,21.63,85381.87,-0.74,-3.3,22.342,21.592,20.662,122873.45,123346.72,107439.83
2018-03-30,21.21,22.75,22.42,21.21,106549.71,0.38,1.72,22.476,21.415,20.515,133542.16,123363.01,108232.95
2018-03-29,22.93,23.6,22.04,22.01,125180.14,-0.53,-2.35,22.212,21.174,20.245,150154.03,121622.97,106314.82
2018-03-28,22.39,22.87,22.57,22.08,107395.9,-0.43,-1.87,22.132,20.904,20.016,153493.93,116103.73,104103.33
2018-03-27,22.02,23.8,23.0,22.02,189859.62,0.65,2.91,21.552,20.634,19.68,149396.53,111137.31,99726.44
2018-03-26,20.2,22.58,22.35,19.25,138725.44,1.25,5.92,20.842,20.344,19.326,123820.0,99441.21,91543.26
2018-03-23,20.5,22.5,21.1,19.65,189609.06,-0.54,-2.5,20.354,20.165,18.998,113183.86,95982.96,85743.39
2018-03-22,20.26,21.64,21.64,20.26,141879.62,1.97,10.02,20.136,20.06,18.704,93091.9,87149.02,76871.93
2018-03-21,19.83,20.79,19.67,19.5,86908.9,0.22,1.13,19.676,19.805,18.391,78713.53,81381.63,70377.05
2018-03-20,19.04,19.78,19.45,19.04,61976.98,-0.46,-2.31,19.716,19.732,18.159,72878.09,81247.19,66510.8
2018-03-19,21.31,21.67,19.91,19.8,85544.72,-0.1,-0.5,19.846,19.732,17.947,75062.41,91532.94,64262.67
2018-03-16,19.65,20.88,20.01,19.65,89149.3,0.67,3.46,19.976,19.614,17.711,78782.05,93102.9,61081.67
2018-03-15,19.55,20.23,19.34,18.32,69987.73,-0.53,-2.67,19.984,19.316,17.452,81206.13,91006.67,58317.96
2018-03-14,19.78,20.48,19.87,19.53,57731.71,-0.23,-1.14,19.934,19.127,17.223,84049.73,92102.94,55865.15
2018-03-13,20.4,20.69,20.1,19.8,72898.61,-0.46,-2.24,19.748,18.726,16.945,89616.29,88315.56,54425.52
2018-03-12,20.5,21.41,20.56,20.01,104142.92,0.51,2.54,19.618,18.307,16.654,108003.47,83645.31,52206.54
2018-03-09,18.91,20.3,20.05,18.61,101269.67,0.96,5.03,19.252,17.831,16.42,107423.74,75503.82,47637.44
2018-03-08,18.41,19.56,19.09,18.41,84205.76,0.15,0.79,18.648,17.347,16.218,100807.21,66594.85,44538.55
2018-03-07,19.0,19.3,18.94,18.66,85564.51,-0.51,-2.62,18.32,16.976,16.075,100156.14,59372.47,42034.01
2018-03-06,18.97,20.6,19.45,18.8,164834.5,0.72,3.84,17.704,16.586,16.013,87014.83,51774.4,38974.59
2018-03-05,17.48,18.73,18.73,17.2,101244.24,1.7,9.98,16.996,16.161,15.977,59287.14,36992.4,31773.91
2018-03-02,17.38,17.51,17.03,16.75,68187.03,-0.42,-2.41,16.41,15.808,15.96,43583.9,29060.45,27725.7
2018-03-01,15.71,17.45,17.45,15.66,80950.4,1.59,10.03,16.046,15.588,16.063,32382.48,25629.24,25043.59
2018-02-28,15.88,16.13,15.86,15.55,19858.0,-0.05,-0.31,15.632,15.319,16.144,18588.8,19627.37,22181.37
2018-02-27,15.91,16.29,15.91,15.73,26196.02,0.11,0.7,15.468,15.163,16.322,16533.97,20535.48,22347.84
2018-02-26,15.33,16.1,15.8,15.2,22728.06,0.59,3.88,15.326,15.001,16.475,14697.66,20767.78,21763.16
2018-02-23,15.38,15.54,15.21,15.05,12179.93,-0.17,-1.1,15.206,15.009,16.647,14536.99,19771.07,21988.06
2018-02-22,15.35,15.41,15.38,15.1,11982.01,0.34,2.26,15.13,15.088,16.817,18876.0,22482.25,22216.51
2018-02-14,15.35,15.35,15.04,15.02,9583.85,-0.16,-1.05,15.006,15.173,16.99,20665.93,24695.55,22489.19
2018-02-13,15.19,15.45,15.2,15.11,17014.44,0.0,0.0,14.858,15.439,17.187,24536.98,26174.77,23623.91
2018-02-12,14.98,15.47,15.2,14.74,21924.71,0.37,2.5,14.676,15.792,17.393,26837.91,26555.42,23969.95
2018-02-09,14.24,15.43,14.83,13.7,33875.01,0.07,0.47,14.812,16.112,17.62,25005.15,26390.95,24345.13
2018-02-08,14.3,14.99,14.76,14.23,20931.64,0.46,3.22,15.046,16.538,17.9,26088.49,24457.93,23491.13
2018-02-07,14.58,14.83,14.3,13.38,28939.08,0.01,0.07,15.34,16.969,18.183,28725.17,24735.37,23549.1
2018-02-06,15.5,15.68,14.29,14.29,28519.1,-1.59,-10.01,16.02,17.48,18.477,27812.56,24160.21,23416.9
2018-02-05,15.52,16.1,15.88,15.52,12760.92,-0.12,-0.75,16.908,17.948,18.794,26272.94,22758.54,22845.26
2018-02-02,16.03,16.45,16.0,15.18,39291.7,-0.23,-1.42,17.412,18.285,19.031,27776.74,24205.05,23900.47
2018-02-01,17.82,18.04,16.23,16.0,34115.07,-1.47,-8.3,18.03,18.546,19.296,22827.37,21950.78,23044.38
2018-01-31,18.73,18.95,17.7,17.58,24376.0,-1.03,-5.5,18.598,18.806,19.545,20745.57,20282.84,22294.73
2018-01-30,18.33,18.97,18.73,18.21,20821.0,0.33,1.79,18.94,18.934,19.73,20507.87,21073.06,22587.83
2018-01-29,18.99,19.19,18.4,18.23,20279.93,-0.69,-3.61,18.988,18.994,19.849,19244.15,21384.47,22481.09
2018-01-26,19.0,19.49,19.09,18.96,14544.85,0.02,0.1,19.158,19.128,19.984,20633.36,22299.32,22239.04
2018-01-25,19.3,19.85,19.07,19.05,23706.08,-0.34,-1.75,19.062,19.262,20.067,21074.19,22524.34,22470.7
2018-01-24,19.1,19.58,19.41,18.85,23187.49,0.44,2.32,19.014,19.397,20.158,19820.1,22362.83,22328.05
2018-01-23,19.1,19.3,18.97,18.92,14502.38,-0.28,-1.46,18.928,19.473,20.25,21638.24,22673.58,22124.0
2018-01-22,18.61,19.38,19.25,18.2,27226.01,0.64,3.44,19.0,19.639,20.351,23524.8,22931.99,23214.45
2018-01-19,18.89,18.99,18.61,18.51,16749.0,-0.22,-1.17,19.098,19.776,20.486,23965.29,23595.89,22932.7
2018-01-18,18.88,19.08,18.83,18.65,17435.61,-0.15,-0.79,19.462,20.046,20.677,23974.49,24137.99,23345.3
2018-01-17,19.21,19.44,18.98,18.0,32278.2,-0.35,-1.81,19.78,20.283,20.845,24905.57,24306.62,23547.92
2018-01-16,19.41,19.7,19.33,19.17,23935.18,-0.41,-2.08,20.018,20.525,21.016,23708.93,24102.6,23648.26
2018-01-15,20.61,20.62,19.74,19.6,29428.44,-0.69,-3.38,20.278,20.703,21.162,22339.17,23577.7,24243.2
2018-01-12,20.47,20.7,20.43,20.33,16795.01,0.01,0.05,20.454,20.839,21.309,23226.48,22178.76,25260.03
2018-01-11,20.1,20.72,20.42,20.03,22091.0,0.25,1.24,20.63,20.871,21.437,24301.48,22417.07,28337.3
2018-01-10,20.79,20.79,20.17,20.03,26295.0,-0.46,-2.23,20.786,20.918,21.522,23707.68,22293.26,29587.26
2018-01-09,20.57,20.93,20.63,20.53,17086.4,0.01,0.05,21.032,21.026,21.572,24496.28,21574.41,29708.94
2018-01-08,21.4,21.41,20.62,20.45,33865.01,-0.69,-3.24,21.128,21.062,21.623,24816.24,23496.91,30301.4
2018-01-05,21.24,21.54,21.31,21.12,22170.0,0.11,0.52,21.224,21.195,21.656,21131.04,22269.51,30095.7
2018-01-04,21.3,21.44,21.2,21.13,19122.0,-0.2,-0.94,21.112,21.307,21.633,20532.65,22552.61,29999.46
2018-01-03,21.15,21.47,21.4,20.85,30238.0,0.29,1.37,21.05,21.406,21.621,20878.84,22789.21,30525.16
2018-01-02,21.1,21.28,21.11,20.82,18686.18,0.01,0.05,21.02,21.506,21.571,18652.54,23193.91,30813.32
2017-12-29,20.76,21.16,21.1,20.76,15439.0,0.35,1.69,20.996,21.621,21.593,22177.58,24908.69,31315.9
2017-12-28,20.95,21.2,20.75,20.71,19178.07,-0.14,-0.67,21.166,21.779,21.624,23407.98,28341.31,32415.59
2017-12-27,21.28,21.35,20.89,20.86,20852.95,-0.36,-1.69,21.502,22.002,21.631,24572.57,34257.54,32293.84
2017-12-26,21.1,21.32,21.25,20.84,19106.5,0.26,1.24,21.762,22.125,21.65,24699.58,36881.27,32508.65
2017-12-25,21.95,21.95,20.99,20.71,36311.39,-0.96,-4.37,21.992,22.118,21.67,27735.28,37843.48,33293.55
2017-12-22,22.47,22.58,21.95,21.88,21591.0,-0.48,-2.14,22.246,22.184,21.658,27639.8,37105.88,32621.55
2017-12-21,22.19,22.6,22.43,21.75,25001.0,0.24,1.08,22.392,22.117,21.623,33274.63,37921.88,32815.52
2017-12-20,22.57,22.57,22.19,22.01,21488.0,-0.21,-0.94,22.502,21.959,21.574,43942.52,37446.31,33486.4
2017-12-19,22.32,22.88,22.4,22.25,34284.99,0.14,0.63,22.488,21.836,21.55,49062.95,38261.12,34957.96
2017-12-18,22.67,22.83,22.26,21.88,35833.99,-0.42,-1.85,22.244,21.635,21.474,47951.68,38432.73,34459.2
2017-12-15,22.89,23.36,22.68,22.52,49765.18,-0.3,-1.3,22.122,21.564,21.428,46571.97,37723.11,34093.18
2017-12-14,22.13,23.28,22.98,21.76,78340.42,0.86,3.89,21.842,21.468,21.35,42569.14,36489.88,34448.14
2017-12-13,21.22,22.17,22.12,21.22,47090.18,0.94,4.44,21.416,21.259,21.364,30950.1,30330.14,31886.01
2017-12-12,21.48,21.67,21.18,20.92,28728.63,-0.47,-2.17,21.184,21.175,21.427,27459.28,28136.04,30960.4
2017-12-11,21.47,21.99,21.65,21.43,28935.45,0.37,1.74,21.026,21.221,21.586,28913.79,28743.62,31566.13
2017-12-08,20.9,21.58,21.28,20.83,29751.0,0.43,2.06,21.006,21.132,21.742,28874.24,28137.21,33525.74
2017-12-07,20.96,21.19,20.85,20.81,20245.25,-0.11,-0.53,21.094,21.129,21.868,30410.63,27709.15,33602.54
2017-12-06,20.16,21.0,20.96,19.92,29636.08,0.57,2.79,21.102,21.188,22.034,29710.18,29526.5,34048.03
2017-12-05,21.56,21.74,20.39,20.0,36001.16,-1.16,-5.38,21.166,21.264,22.188,28812.8,31654.81,34768.58
2017-12-04,21.51,22.18,21.55,21.3,28737.71,-0.17,-0.78,21.416,21.312,22.371,28573.45,30485.67,34807.8
2017-12-01,20.88,21.82,21.72,20.81,37432.93,0.83,3.97,21.258,21.292,22.476,27400.18,30463.26,35115.99
2017-11-30,21.37,21.49,20.89,20.88,16743.0,-0.39,-1.83,21.164,21.232,22.537,25007.67,32406.39,34764.57
2017-11-29,21.77,21.77,21.28,21.08,25149.18,-0.36,-1.66,21.274,21.469,22.649,29342.82,33441.88,36064.52
2017-11-28,20.59,21.79,21.64,20.59,34804.42,0.88,4.24,21.362,21.679,22.732,34496.82,33784.76,36231.98
2017-11-27,20.93,21.35,20.76,20.67,22871.37,-0.49,-2.31,21.208,21.95,22.811,32397.89,34388.65,35901.82
2017-11-24,21.26,21.95,21.25,21.1,25470.37,-0.19,-0.89,21.326,22.351,22.928,33526.34,38914.28,37274.33
2017-11-23,21.48,22.5,21.44,21.21,38418.76,-0.28,-1.29,21.3,22.606,23.131,39805.11,39495.94,37718.11
2017-11-22,21.01,22.9,21.72,20.87,50919.16,0.85,4.07,21.664,22.879,23.348,37540.93,38569.56,37972.83
2017-11-21,21.26,21.68,20.87,20.55,24309.8,-0.48,-2.25,21.996,23.112,23.519,33072.7,37882.35,36862.67
2017-11-20,20.98,21.49,21.35,19.6,28513.61,0.23,1.09,22.692,23.429,23.72,36379.41,39129.94,37517.43
2017-11-17,23.3,23.34,21.12,21.0,56864.24,-2.14,-9.2,23.376,23.66,23.897,44302.21,39768.71,37762.53
2017-11-16,23.39,24.01,23.26,23.24,27097.84,-0.12,-0.51,23.912,23.842,24.071,39186.76,37122.75,36621.03
2017-11-15,24.14,24.28,23.38,23.34,28578.0,-0.97,-3.98,24.094,23.828,24.115,39598.19,38687.16,38012.12
2017-11-14,24.5,24.67,24.35,24.14,40843.34,-0.42,-1.7,24.228,23.785,24.201,42692.0,38679.2,38555.6
2017-11-13,23.8,24.97,24.77,23.16,68127.63,0.97,4.08,24.166,23.672,24.283,41880.47,37415.0,39681.03
2017-11-10,23.97,24.19,23.8,23.66,31287.0,-0.37,-1.53,23.944,23.505,24.388,35235.22,35634.39,38858.38
2017-11-09,23.85,24.5,24.17,23.85,29155.0,0.12,0.5,23.772,23.656,24.568,35058.75,35940.29,40126.36
2017-11-08,24.16,24.5,24.05,23.78,44047.04,0.01,0.04,23.562,23.817,24.768,37776.13,37376.1,40547.23
2017-11-07,23.45,24.09,24.04,23.35,36785.68,0.38,1.61,23.342,23.925,24.97,34666.4,35843.0,40172.43
2017-11-06,23.08,23.73,23.66,22.92,34901.37,0.72,3.14,23.178,24.011,25.18,32949.52,35904.92,41393.16
2017-11-03,22.9,23.34,22.94,22.38,30404.64,-0.18,-0.78,23.066,24.134,25.442,36033.56,35756.35,41896.53
2017-11-02,22.8,23.54,23.12,22.31,42741.92,0.17,0.74,23.54,24.299,25.695,36821.83,36119.31,44395.62
2017-11-01,23.37,23.47,22.95,22.8,28498.37,-0.27,-1.16,24.072,24.402,26.0,36976.07,37337.08,46395.8
2017-10-31,23.05,23.4,23.22,22.81,28201.3,0.12,0.52,24.508,24.617,26.428,37019.6,38432.0,49834.86
2017-10-30,25.03,25.17,23.1,22.78,50321.56,-2.21,-8.73,24.844,24.894,26.78,38860.33,41947.07,51899.85
2017-10-27,25.8,25.97,25.31,25.25,34346.0,-0.47,-1.82,25.202,25.27,27.16,35479.13,42082.38,53353.74
2017-10-26,25.15,25.85,25.78,24.8,43513.11,0.65,2.59,25.058,25.48,27.426,35416.78,44312.44,55289.75
2017-10-25,24.78,25.25,25.13,24.75,28716.01,0.23,0.92,24.732,25.719,27.628,37698.09,43718.36,56147.96
2017-10-24,24.8,25.0,24.9,23.96,37404.95,0.01,0.04,24.726,26.014,27.848,39844.4,44501.87,58433.72
2017-10-23,24.75,25.17,24.89,24.62,33415.59,0.3,1.22,24.944,26.348,28.138,45033.82,46881.4,61634.85
2017-10-20,24.05,24.68,24.59,24.05,34034.24,0.44,1.82,25.338,26.749,28.45,48685.62,48036.71,63058.84
2017-10-19,25.2,25.45,24.15,23.88,54919.65,-0.95,-3.79,25.902,27.091,28.765,53208.09,52671.94,64698.7
2017-10-18,25.98,26.26,25.1,25.1,39447.59,-0.89,-3.42,26.706,27.598,29.115,49738.62,55454.52,68017.99
2017-10-17,26.8,26.95,25.99,25.78,63352.02,-0.87,-3.24,27.302,28.238,29.458,49159.33,61237.71,74308.24
2017-10-16,27.4,27.9,26.86,26.83,51674.62,-0.55,-2.01,27.752,28.665,29.695,48728.97,61852.63,76620.65
2017-10-13,28.0,28.18,27.41,26.88,56646.57,-0.76,-2.7,28.16,29.05,29.898,47387.8,64625.11,83536.11
2017-10-12,28.37,28.65,28.17,28.02,37572.32,0.09,0.32,28.28,29.372,30.025,52135.79,66267.07,88911.58
2017-10-11,28.21,28.39,28.08,27.95,36551.13,-0.16,-0.57,28.49,29.537,30.048,61170.41,68577.57,92286.94
2017-10-10,28.4,28.8,28.24,27.9,61200.22,-0.66,-2.28,29.174,29.681,30.057,73316.09,72365.56,95880.85
2017-10-09,28.46,28.92,28.9,28.07,44968.77,0.89,3.18,29.578,29.927,30.069,74976.29,76388.3,101898.3
2017-09-29,29.31,29.63,28.01,27.91,80386.5,-1.21,-4.14,29.94,30.15,30.059,81862.41,78080.96,104660.78
2017-09-28,30.99,30.99,29.22,29.0,82745.43,-2.28,-7.24,30.464,30.439,29.964,80398.35,76725.47,103485.09
2017-09-20,30.05,31.5,31.5,29.82,97279.54,1.24,4.1,30.584,30.632,29.787,75984.73,80581.47,104521.62
2017-09-19,30.66,31.35,30.26,30.25,69501.23,-0.45,-1.47,30.188,30.678,29.575,71415.03,87378.77,104783.41
2017-09-18,30.47,31.37,30.71,30.19,79399.35,0.08,0.26,30.276,30.724,29.382,77800.3,91388.67,105706.46
2017-09-15,29.71,30.65,30.63,29.22,73066.19,0.81,2.72,30.36,30.746,29.17,74299.52,102447.11,105617.44
2017-09-14,29.79,30.35,29.82,29.5,60677.36,0.3,1.02,30.414,30.678,28.956,73052.59,111556.09,107850.53
2017-09-13,30.5,30.56,29.52,29.38,74431.04,-1.18,-3.84,30.68,30.558,28.819,85178.2,115996.3,114565.67
2017-09-12,31.26,31.43,30.7,29.76,101427.56,-0.43,-1.38,31.168,30.432,28.731,103342.51,119396.13,119168.61
2017-09-11,30.7,31.58,31.13,30.41,61895.43,0.23,0.74,31.172,30.21,28.54,104977.04,127408.3,120280.38
2017-09-08,30.8,31.4,30.9,30.4,66831.56,-0.25,-0.8,31.132,29.968,28.325,130594.69,131240.59,125805.03
2017-09-07,31.58,32.39,31.15,30.99,121305.39,-0.81,-2.53,30.942,29.488,28.046,150059.59,130244.7,130765.64
2017-09-06,30.61,31.96,31.96,29.15,165252.59,1.24,4.04,30.436,28.941,27.749,146814.4,128461.77,131951.32
2017-09-05,30.57,31.5,30.72,30.35,109600.21,-0.21,-0.68,29.696,28.471,27.334,135449.75,122188.05,126544.24
2017-09-04,29.86,32.44,30.93,29.6,189983.72,0.98,3.27,29.248,28.04,27.008,149839.56,120024.25,124777.13
2017-09-01,28.3,30.49,29.95,27.85,164156.02,1.33,4.65,28.804,27.594,26.609,131886.49,108787.78,117572.86
2017-08-31,28.56,29.44,28.62,28.44,105079.47,0.36,1.27,28.034,27.234,26.243,110429.82,104144.98,112359.97
2017-08-30,28.19,29.26,28.26,27.92,108429.33,-0.22,-0.77,27.446,27.08,25.976,110109.14,113135.05,111023.57
2017-08-29,28.95,29.48,28.48,27.9,181549.28,-0.23,-0.8,27.246,27.029,25.773,108926.34,118941.09,109261.29
2017-08-28,26.56,28.71,28.71,26.27,100218.36,2.61,10.0,26.832,26.869,25.579,90208.94,113152.46,103337.5
2017-08-25,25.71,26.26,26.1,25.71,56872.66,0.42,1.64,26.384,26.681,25.381,85689.07,120369.47,102708.55
2017-08-24,26.91,27.15,25.68,25.3,103476.08,-1.58,-5.8,26.434,26.604,25.29,97860.14,131286.57,104011.5
2017-08-23,26.44,27.7,27.26,26.32,102515.32,0.85,3.22,26.714,26.557,25.253,116160.96,135440.87,106102.86
2017-08-22,26.52,27.38,26.41,26.31,87962.27,-0.06,-0.23,26.812,26.196,25.064,128955.84,130900.44,106493.73
2017-08-21,26.6,26.94,26.47,26.25,77619.0,0.12,0.46,26.906,25.975,24.898,136095.98,129530.01,106186.24
2017-08-18,26.59,26.96,26.35,26.15,117728.04,-0.73,-2.7,26.978,25.624,24.662,155049.87,126357.93,105251.76
2017-08-17,27.28,28.98,27.08,27.01,194980.16,-0.67,-2.41,26.774,25.252,24.465,164713.0,120574.95,103374.88
2017-08-16,26.59,28.17,27.75,26.33,166489.73,0.87,3.24,26.4,24.872,24.222,154720.78,108912.09,97558.57
2017-08-15,26.5,27.12,26.88,26.22,123662.96,0.05,0.19,25.58,24.517,23.927,132845.04,99581.5,92094.11
2017-08-14,25.2,27.5,26.83,25.06,172388.48,1.5,5.92,25.044,24.289,23.667,122964.04,93522.54,89532.56
2017-08-11,24.71,26.31,25.33,24.31,166043.69,0.12,0.48,24.27,24.08,23.418,97665.99,85047.63,85955.18
2017-08-10,23.6,26.0,25.21,23.6,145019.05,1.56,6.6,23.73,23.975,23.365,76436.9,76736.42,80408.9
2017-08-09,23.81,24.2,23.65,23.42,57111.0,-0.55,-2.27,23.344,23.949,23.366,63103.39,76764.85,77483.98
2017-08-08,23.03,24.2,24.2,22.73,74257.98,1.24,5.4,23.454,23.932,23.412,66317.95,82087.02,78720.64
2017-08-07,22.82,23.45,22.96,22.65,45898.25,0.33,1.46,23.534,23.821,23.405,64081.04,82842.47,79628.41
2017-08-04,23.52,23.88,22.63,22.6,59898.23,-0.65,-2.79,23.89,23.699,23.511,72429.26,84145.59,84261.32
2017-08-03,23.06,23.97,23.28,23.06,78351.51,-0.92,-3.8,24.22,23.677,23.632,77035.94,86174.81,86957.21
2017-08-02,24.7,25.15,24.2,24.14,73183.8,-0.4,-1.63,24.554,23.571,23.771,90426.3,86205.04,93823.44
2017-08-01,24.54,24.71,24.6,23.85,63073.39,-0.14,-0.57,24.41,23.336,23.796,97856.08,84606.72,93589.96
2017-07-31,24.03,25.21,24.74,23.73,87639.39,0.46,1.9,24.108,23.044,23.688,101603.9,85542.59,93203.05
2017-07-28,24.69,24.87,24.28,24.25,82931.62,-0.67,-2.69,23.508,22.755,23.531,95861.92,86862.73,90267.04
2017-07-27,23.05,25.1,24.95,22.78,145303.3,1.47,6.26,23.134,22.755,23.386,95313.67,84081.37,87638.41
2017-07-26,23.19,23.88,23.48,22.72,110332.7,0.39,1.69,22.588,22.783,23.222,81983.78,78203.11,82965.04
2017-07-25,21.79,23.14,23.09,21.79,81812.5,1.35,6.21,22.262,22.892,23.094,71357.36,75354.26,79489.66
2017-07-24,21.95,21.97,21.74,21.08,58929.48,-0.67,-2.99,21.98,22.988,23.016,69481.28,76414.36,77743.37
2017-07-21,23.02,23.45,22.41,22.24,80190.38,0.19,0.85,22.002,23.323,22.998,77863.53,84377.04,76687.18
2017-07-20,21.85,23.31,22.22,21.81,78653.86,0.37,1.69,22.376,23.587,22.931,72849.08,87739.62,75438.07
2017-07-19,21.66,21.95,21.85,20.86,57200.57,0.17,0.78,22.978,23.97,22.897,74422.43,101441.84,74457.45
2017-07-18,21.25,22.08,21.68,20.5,72432.11,-0.17,-0.78,23.522,24.255,22.914,79351.16,102573.19,75224.57
2017-07-17,23.0,23.49,21.85,21.85,100840.74,-2.43,-10.01,23.996,24.332,22.949,83347.43,100863.5,74658.6
2017-07-14,24.99,25.11,24.28,24.24,55118.1,-0.95,-3.77,24.644,24.307,22.972,90890.55,93671.35,74155.73
2017-07-13,24.3,25.25,25.23,23.87,86520.65,0.66,2.69,24.798,24.016,22.96,102630.16,91195.44,73793.87
2017-07-12,23.8,24.99,24.57,23.8,81844.2,0.52,2.16,24.962,23.66,22.91,128461.25,87726.97,73859.28
2017-07-11,23.9,24.41,24.05,23.7,92413.46,-1.04,-4.14,24.988,23.295,22.848,125795.23,83625.07,72564.41
2017-07-10,25.06,26.48,25.09,25.05,138556.33,0.04,0.16,24.668,23.044,22.827,118379.58,79072.38,72605.63
2017-07-07,25.66,25.78,25.05,25.01,113816.16,-1.0,-3.84,23.97,22.673,22.713,96452.15,68997.32,68614.03
2017-07-06,25.75,26.87,26.05,25.5,215676.08,1.35,5.47,23.234,22.274,22.632,79760.72,63136.51,66365.0
2017-07-05,22.51,24.7,24.7,22.51,68514.11,2.25,10.02,22.358,21.823,22.517,46992.69,47473.05,61788.68
2017-07-04,21.51,22.99,22.45,21.15,55335.21,0.85,3.94,21.602,21.573,22.462,41454.91,47875.94,65469.59
2017-07-03,21.33,21.65,21.6,21.05,28919.21,0.23,1.08,21.42,21.566,22.467,39765.19,48453.7,68171.43
2017-06-30,21.55,21.6,21.37,21.2,30358.97,-0.3,-1.38,21.376,21.636,22.542,41542.48,54640.11,76091.29
2017-06-29,20.92,21.67,21.67,20.81,51835.97,0.75,3.58,21.314,21.903,22.529,46512.31,56392.3,76198.22
2017-06-28,21.28,21.64,20.92,20.68,40825.19,-0.62,-2.88,21.288,22.159,22.405,47953.41,59991.6,75923.71
2017-06-27,21.4,22.11,21.54,21.3,46886.61,0.16,0.75,21.544,22.401,22.39,54296.96,61503.75,76483.75
2017-06-26,20.99,21.48,21.38,20.79,37805.67,0.32,1.52,21.712,22.61,22.382,57142.21,66138.87,77078.83
2017-06-23,21.3,21.47,21.06,20.43,55208.1,-0.48,-2.23,21.896,22.753,22.355,67737.75,68230.74,78832.23
2017-06-22,22.03,22.47,21.54,21.49,59041.5,-0.66,-2.97,22.492,22.989,22.326,66272.3,69593.48,77336.97
2017-06-21,22.29,22.45,22.2,21.51,72542.94,-0.18,-0.8,23.03,23.21,22.181,72029.78,76104.31,75800.75
2017-06-20,22.43,22.78,22.38,22.02,61112.85,0.08,0.36,23.258,23.35,22.066,68710.54,83063.24,73931.39
2017-06-19,23.0,23.0,22.3,21.99,90783.34,-1.74,-7.24,23.508,23.367,21.989,75135.52,87889.16,72925.65
2017-06-16,24.24,24.46,24.04,23.76,47880.86,-0.19,-0.78,23.61,23.447,21.929,68723.72,97542.47,70279.13
2017-06-15,23.4,24.47,24.23,23.29,87828.9,0.89,3.81,23.486,23.154,21.799,72914.66,96004.14,71494.26
2017-06-14,23.55,23.79,23.34,23.04,55946.74,-0.29,-1.23,23.39,22.65,21.69,80178.83,91855.82,72936.59
2017-06-13,22.68,24.31,23.63,22.68,93237.78,0.82,3.6,23.442,22.378,21.552,97415.94,91463.75,72120.41
2017-06-12,23.05,23.95,22.81,22.6,58724.34,-0.55,-2.35,23.226,22.154,21.306,100642.79,88018.79,68722.49
2017-06-09,23.43,23.8,23.42,22.86,68835.53,-0.33,-1.39,23.284,21.956,21.124,126361.22,89433.72,67506.32
2017-06-08,23.37,24.98,23.75,23.17,124149.77,0.15,0.64,22.822,21.663,20.948,119093.61,85080.47,65217.11
2017-06-07,22.68,24.2,23.6,22.6,142132.3,1.05,4.66,21.91,21.151,20.755,103532.81,75497.19,60011.09
2017-06-06,22.54,22.85,22.55,22.1,109372.03,-0.55,-2.38,21.314,20.781,20.562,85511.56,64799.53,54625.32
2017-06-05,22.49,23.22,23.1,22.03,187316.48,1.99,9.43,21.082,20.611,20.484,75394.78,57962.15,50047.35
2017-06-02,19.24,21.11,21.11,19.24,32497.49,1.92,10.01,20.628,20.41,20.394,52506.22,43015.78,41757.11
2017-06-01,20.44,21.1,19.19,18.9,46345.76,-1.43,-6.93,20.504,20.444,20.413,51067.33,46984.37,41396.3
2017-05-31,21.6,22.0,20.62,20.58,52026.03,-0.77,-3.6,20.392,20.729,20.524,47461.57,54017.36,40468.23
2017-05-26,21.18,21.8,21.39,20.84,58788.14,0.56,2.69,20.248,20.725,20.579,44087.51,52777.06,40666.47
2017-05-25,21.4,21.4,20.83,20.12,72873.67,0.34,1.66,20.14,20.457,20.587,40529.51,49426.2,42621.23
2017-05-24,18.61,20.49,20.49,18.38,25303.04,1.86,9.98,20.192,20.291,20.696,33525.34,45578.92,40011.75
2017-05-23,19.83,19.98,18.63,18.5,28316.96,-1.27,-6.38,20.384,20.232,20.95,42901.42,45353.75,40762.93
2017-05-22,20.55,21.08,19.9,19.73,35155.73,-0.95,-4.56,21.066,20.358,21.439,60573.15,44524.99,39935.43
2017-05-19,21.2,21.45,20.85,20.3,40998.17,-0.24,-1.14,21.202,20.342,21.872,61466.62,44451.1,38929.43
2017-05-18,21.0,21.49,21.09,20.91,37852.78,-0.36,-1.68,20.774,20.357,22.283,58322.88,42132.55,37976.45
2017-05-17,21.95,21.97,21.45,21.18,72183.46,-0.59,-2.68,20.39,20.377,22.647,57632.5,40498.44,36804.14
2017-05-16,21.0,22.64,22.04,20.75,116675.59,1.46,7.09,20.08,20.381,22.994,47806.07,35808.22,34044.51
2017-05-15,19.3,20.58,20.58,19.2,39623.08,1.87,9.99,19.65,20.318,23.321,28476.83,26919.11,29708.28
2017-05-12,19.2,19.2,18.71,18.39,25279.47,-0.46,-2.4,19.482,20.433,23.782,27435.59,28555.89,28563.11
2017-05-11,19.2,19.6,19.17,18.56,34400.92,-0.73,-3.67,19.94,20.717,24.336,25942.22,35816.27,28306.49
2017-05-10,19.8,20.44,19.9,19.79,23051.31,0.01,0.05,20.364,21.101,24.849,23364.38,34444.59,27945.7
2017-05-09,19.62,20.3,19.89,19.44,20029.36,0.15,0.76,20.682,21.668,25.363,23810.37,36172.11,27995.7
2017-05-08,20.45,20.65,19.74,19.72,34416.88,-1.26,-6.0,20.986,22.52,25.899,25361.39,35345.87,28563.65
2017-05-05,21.36,21.49,21.0,21.0,17812.63,-0.29,-1.36,21.384,23.402,26.451,29676.18,33407.76,28318.25
2017-05-04,21.5,21.65,21.29,21.18,21511.74,-0.2,-0.93,21.494,24.209,26.96,45690.31,33820.35,30433.7
2017-05-03,21.4,21.75,21.49,21.32,25281.25,0.08,0.37,21.838,24.916,27.47,45524.79,33109.84,31231.33
2017-05-02,21.41,21.69,21.41,21.21,27784.47,-0.32,-1.47,22.654,25.606,27.943,48533.84,32280.8,31382.31
2017-04-28,20.9,21.97,21.73,20.6,55990.83,0.18,0.83,24.054,26.323,28.41,45330.35,32497.45,31249.9
2017-04-27,20.99,21.92,21.55,20.71,97883.28,-1.46,-6.34,25.42,27.13,28.869,37139.33,28570.33,30494.37
2017-04-26,23.11,24.18,23.01,23.01,20684.1,-2.56,-10.01,26.924,27.955,29.382,21950.38,20796.7,29104.21
2016-12-12,28.43,28.58,25.57,25.57,40326.53,-2.84,-10.0,27.994,28.597,29.807,20694.9,21446.82,29712.28
2016-12-09,28.6,28.91,28.41,28.41,11767.0,-0.15,-0.53,28.558,29.058,30.101,16027.76,19819.3,30227.98
2016-12-08,28.94,29.09,28.56,28.53,15035.76,-0.51,-1.75,28.592,29.278,30.217,19664.56,21781.42,31570.8
2016-12-07,28.36,29.15,29.07,28.33,21938.53,0.71,2.5,28.84,29.5,30.334,20001.32,23228.74,33970.06
2016-12-06,28.55,28.7,28.36,28.26,14406.69,-0.03,-0.11,28.986,29.711,30.397,19643.02,27047.05,35979.96
2016-12-05,28.57,28.93,28.39,28.15,16990.8,-0.19,-0.67,29.2,30.024,30.473,22198.74,29352.81,36614.12
2016-12-02,29.73,29.96,28.58,28.53,29951.0,-1.22,-4.09,29.558,30.28,30.54,23610.84,30483.82,38285.88
2016-12-01,29.87,30.06,29.8,29.69,16719.6,0.0,0.0,29.964,30.496,30.646,23898.29,30002.34,42084.37
2016-11-30,29.46,30.09,29.8,29.44,20147.03,0.37,1.26,30.16,30.608,30.692,26456.15,32418.4,44372.83
2016-11-29,30.15,30.3,29.43,29.38,27185.27,-0.75,-2.48,30.436,30.809,30.706,34451.08,37411.72,45075.3
2016-11-28,30.72,30.84,30.18,30.04,24051.29,-0.43,-1.41,30.848,31.017,30.696,36506.88,37977.74,44979.18
2016-11-25,30.77,30.97,30.61,29.52,31388.26,-0.17,-0.55,31.002,31.144,30.689,37356.79,40636.66,44909.87
2016-11-24,30.9,31.39,30.78,30.51,29508.92,-0.4,-1.28,31.028,31.156,30.65,36106.4,41360.18,44857.08
2016-11-23,31.6,32.38,31.18,31.16,60121.68,-0.31,-0.98,31.056,31.168,30.612,38380.65,44711.38,45051.99
2016-11-22,30.95,31.49,31.49,30.73,37464.26,0.54,1.75,31.182,31.082,30.539,40372.35,44912.86,43297.25
2016-11-21,30.85,31.1,30.95,30.45,28300.84,0.21,0.68,31.186,30.922,30.452,39448.6,43875.44,43739.75
2016-11-18,31.04,31.27,30.74,30.66,25136.28,-0.18,-0.58,31.286,30.799,30.427,43916.53,46087.95,45048.47
2016-11-17,31.72,31.72,30.92,30.8,40880.21,-0.89,-2.8,31.284,30.796,30.354,46613.97,54166.41,44929.78
2016-11-16,31.66,32.66,31.81,31.66,70080.18,0.3,0.95,31.28,30.776,30.281,51042.11,56327.26,44182.61
2016-11-15,31.6,31.75,31.51,30.95,32845.47,0.06,0.19,30.982,30.602,30.134,49453.37,52738.88,41762.62
2016-11-14,30.98,31.79,31.45,30.78,50640.5,0.72,2.34,30.658,30.374,30.035,48302.27,51980.63,41192.09
2016-11-11,30.98,30.98,30.73,30.3,38623.48,-0.17,-0.55,30.312,30.234,29.948,48259.37,49183.07,40011.43
2016-11-10,30.32,30.98,30.9,30.17,63020.91,0.58,1.91,30.308,30.143,29.887,61718.84,48353.98,39051.72
2016-11-09,29.86,31.0,30.32,29.76,62136.51,0.43,1.44,30.272,30.055,29.821,61612.41,45392.6,37211.07
2016-11-08,29.75,30.15,29.89,29.72,27089.97,0.17,0.57,30.222,29.996,29.791,56024.39,41681.64,35929.66
2016-11-07,30.37,30.39,29.72,29.6,50425.97,-0.99,-3.22,30.09,29.982,29.722,55658.98,43604.07,35604.75
2016-11-04,31.0,31.96,30.71,30.54,105920.85,-0.01,-0.03,30.156,30.055,29.651,50106.77,44008.99,33910.81
2016-11-03,29.8,30.77,30.72,29.7,62488.74,0.65,2.16,29.978,29.912,29.533,34989.11,35693.15,29516.63
2016-11-02,29.89,30.46,30.07,29.5,34196.44,0.0,0.0,29.838,29.785,29.435,29172.79,32037.97,27881.65
2016-10-28,29.9,30.18,29.23,29.18,25262.89,-0.82,-2.73,29.77,29.666,29.357,27338.88,30786.35,27244.29
2016-10-27,29.7,30.28,30.05,29.51,22664.95,0.23,0.77,29.874,29.696,29.389,31549.16,30403.55,26684.72
2016-10-26,29.97,30.18,29.82,29.47,30332.52,-0.2,-0.67,29.954,29.661,29.381,37911.21,30839.78,26617.02
2016-10-25,29.72,30.38,30.02,29.67,33407.13,0.29,0.97,29.846,29.631,29.398,36397.19,29749.46,26768.19
2016-10-24,29.6,29.93,29.73,29.42,25026.92,-0.02,-0.07,29.732,29.587,29.37,34903.15,29029.54,26483.68
2016-10-21,30.22,30.35,29.75,29.3,46314.28,-0.7,-2.3,29.562,29.586,29.388,34233.82,30177.68,25947.96
2016-10-20,29.26,30.58,30.45,29.1,54475.22,1.17,4.0,29.518,29.462,29.389,29257.94,27605.44,24090.79
2016-10-19,29.89,29.9,29.28,29.02,22762.41,-0.17,-0.58,29.368,29.247,29.362,23768.35,23812.62,22186.69
2016-10-18,28.77,29.46,29.45,28.7,25936.9,0.57,1.97,29.416,29.154,29.388,23101.73,23340.1,22556.43
2016-10-17,29.35,29.78,28.88,28.81,21680.31,-0.65,-2.2,29.442,29.085,29.491,23155.94,23725.34,22416.2
2016-10-14,29.73,29.73,29.53,29.1,21434.86,-0.17,-0.57,29.61,29.047,29.66,26121.53,23702.23,22222.18
2016-10-13,29.58,29.86,29.7,29.35,27027.28,0.18,0.61,29.406,29.082,29.8,25952.93,22965.89,22319.73
2016-10-12,29.28,29.74,29.52,29.25,19429.3,-0.06,-0.2,29.126,29.101,29.945,23856.89,22394.25,22352.07
2016-10-11,29.73,29.86,29.58,29.42,26207.94,-0.14,-0.47,28.892,29.164,30.067,23578.47,23786.93,22273.11
2016-10-10,28.8,29.9,29.72,28.59,36508.29,1.21,4.24,28.728,29.153,30.184,24294.73,23937.81,22475.19
2016-09-30,28.38,28.64,28.51,28.24,20591.85,0.21,0.74,28.484,29.19,30.332,21282.93,21718.25,21898.96
2016-09-29,28.45,28.64,28.3,28.27,16547.05,-0.05,-0.18,28.758,29.316,30.574,19978.85,20576.14,22570.63
2016-09-28,28.86,28.88,28.35,28.28,18037.22,-0.41,-1.43,29.076,29.476,30.822,20931.61,20560.76,22544.52
2016-09-27,28.5,28.8,28.76,28.23,29789.26,0.26,0.91,29.436,29.621,31.071,23995.38,21772.76,22385.14
2016-09-26,30.0,30.15,28.5,28.39,21449.29,-1.38,-4.62,29.578,29.897,31.304,23580.89,21107.06,22108.82
2016-09-23,30.0,30.16,29.88,29.68,14071.45,-0.01,-0.03,29.896,30.272,31.561,22153.56,20742.12,22401.04
2016-09-22,30.35,30.48,29.89,29.8,21310.83,-0.26,-0.86,29.874,30.518,31.804,21173.43,21673.57,23505.94
2016-09-21,29.5,30.15,30.15,29.31,33356.09,0.68,2.31,29.876,30.789,32.009,20189.91,22309.88,23363.47
2016-09-20,30.12,30.35,29.47,29.38,27716.81,-0.62,-2.06,29.806,30.969,32.202,19550.13,20759.29,22696.0
2016-09-19,29.98,30.47,30.09,29.77,14312.63,0.32,1.07,30.216,31.215,32.438,18633.23,21012.56,22111.73
2016-09-14,29.7,30.13,29.77,29.5,9170.79,-0.13,-0.43,30.648,31.474,32.651,19330.68,22079.67,22709.3
2016-09-13,29.98,30.06,29.9,29.65,16393.24,0.1,0.34,31.162,31.832,32.867,22173.72,24565.12,23160.77
2016-09-12,30.57,30.57,29.8,29.8,30157.16,-1.72,-5.46,31.702,32.167,33.081,24429.85,24528.28,23439.29
2016-09-09,32.24,32.25,31.52,31.48,23132.32,-0.73,-2.26,32.132,32.52,33.303,21968.44,22997.53,23714.48
2016-09-08,32.0,32.53,32.25,32.0,17799.87,-0.09,-0.28,32.214,32.71,33.381,23391.89,23110.57,23226.85
2016-09-07,32.62,32.72,32.34,32.28,23386.0,-0.26,-0.8,32.3,32.85,33.408,24828.67,24059.97,23384.82
2016-09-06,32.05,32.64,32.6,31.42,27673.91,0.65,2.03,32.502,33.089,33.478,26956.51,25338.3,22982.75
2016-09-05,32.16,32.48,31.95,31.86,17850.12,0.02,0.06,32.632,33.228,33.533,24626.72,24417.06,22333.42
2016-09-02,32.48,32.6,31.93,31.78,30249.57,-0.75,-2.29,32.908,33.434,33.6,24026.62,24632.71,22045.01
2016-09-01,33.25,33.36,32.68,32.68,24983.73,-0.67,-2.01,33.206,33.66,33.648,22829.25,23210.89,21316.16
2016-08-31,33.39,33.65,33.35,32.61,34025.24,0.1,0.3,33.4,33.828,33.697,23291.27,23338.94,20876.26
2016-08-30,33.35,33.54,33.25,33.12,16024.92,-0.08,-0.24,33.676,33.901,33.69,23720.08,21756.42,19734.05
2016-08-29,33.5,33.62,33.33,33.02,14849.65,-0.09,-0.27,33.824,33.994,33.693,24207.41,22350.29,19706.6
2016-08-26,33.73,34.07,33.42,33.18,24262.72,-0.23,-0.68,33.96,34.086,33.66,25238.8,24431.42,20011.62
2016-08-25,34.6,34.6,33.65,33.1,27293.83,-1.08,-3.11,34.114,34.052,33.65,23592.53,23343.12,19776.97
2016-08-24,34.26,35.2,34.73,33.99,36169.27,0.74,2.18,34.256,33.965,33.665,23386.6,22709.68,20019.68
2016-08-23,34.15,34.58,33.99,33.91,18461.56,-0.02,-0.06,34.126,33.866,33.678,19792.75,20627.21,20737.66
2016-08-22,34.35,34.8,34.01,33.78,20006.64,-0.18,-0.53,34.164,33.837,33.922,20493.17,20249.78,20677.55
2016-08-19,34.16,34.4,34.19,33.88,16031.34,-0.17,-0.49,34.212,33.765,34.166,23624.04,19457.3,20671.61
2016-08-18,34.26,34.95,34.36,34.21,26264.18,0.28,0.82,33.99,33.636,34.388,23093.71,19421.43,20893.7
2016-08-17,34.12,34.36,34.08,33.75,18200.04,-0.1,-0.29,33.674,33.566,34.603,22032.75,18413.58,20694.46
2016-08-16,34.25,34.69,34.18,34.08,21963.65,-0.07,-0.2,33.606,33.479,34.872,21461.67,17711.68,20819.4
2016-08-15,33.15,34.71,34.25,32.5,35660.99,1.17,3.54,33.51,33.392,35.162,20006.39,17062.91,21192.97
2016-08-12,32.42,33.3,33.08,32.36,13379.68,0.3,0.92,33.318,33.233,35.403,15290.56,15591.82,20579.4
2016-08-11,33.7,33.7,32.78,32.12,20959.4,-0.96,-2.85,33.282,33.248,35.697,15749.15,16210.81,21888.67
2016-08-10,33.8,34.2,33.74,33.63,15344.62,0.04,0.12,33.458,33.365,36.051,14794.41,17329.68,21986.38
2016-08-09,33.39,33.7,33.7,33.16,14687.27,0.41,1.23,33.352,33.489,36.374,13961.69,20848.1,22872.93
2016-08-08,32.9,33.38,33.29,32.68,12081.81,0.39,1.19,33.274,34.006,36.687,14119.43,21105.33,24967.27
2016-08-05,33.25,33.75,32.9,32.9,15672.66,-0.76,-2.26,33.148,34.567,37.006,15893.09,21885.92,26317.74
2016-08-04,34.24,34.24,33.66,33.25,16185.7,0.45,1.35,33.214,35.14,37.416,16672.48,22365.97,27344.01
2016-08-03,33.51,33.57,33.21,32.85,11181.0,-0.1,-0.3,33.272,35.64,37.775,19864.95,22975.33,28183.12
2016-08-02,32.7,33.46,33.31,32.68,15475.97,0.65,1.99,33.626,36.264,38.16,27734.51,23927.13,29412.98
2016-08-01,33.15,33.15,32.66,31.51,20950.13,-0.57,-1.72,34.738,36.932,38.569,28091.23,25323.03,30710.77
2016-07-29,34.0,34.2,33.23,32.98,19569.58,-0.72,-2.12,35.986,37.573,39.039,27878.74,25566.97,31955.82
2016-07-28,35.07,35.48,33.95,32.22,32148.06,-1.03,-2.94,37.066,38.146,39.476,28059.47,27566.52,33259.38
2016-07-27,38.95,39.18,34.98,34.98,50528.82,-3.89,-10.01,38.008,38.737,39.922,26085.71,26643.07,35307.63
2016-07-26,38.99,39.36,38.87,38.68,17259.55,-0.03,-0.08,38.902,39.259,40.312,20119.74,24897.75,35464.15
2016-07-25,38.2,39.15,38.9,38.0,19887.69,0.27,0.7,39.126,39.367,40.532,22554.82,28829.22,39013.62
2016-07-22,38.64,39.49,38.63,38.36,20473.21,-0.03,-0.08,39.16,39.445,40.687,23255.19,30749.57,41566.98
2016-07-21,39.45,39.62,38.66,38.61,22279.28,-0.79,-2.0,39.226,39.691,40.737,27073.57,32322.06,43337.0
2016-07-20,40.09,40.09,39.45,39.45,20698.96,-0.54,-1.35,39.466,39.909,40.738,27200.43,33390.91,43673.4
2016-07-19,38.81,39.99,39.99,38.81,29434.98,0.92,2.35,39.616,40.055,40.725,29675.77,34898.84,44357.94
2016-07-18,38.75,39.88,39.07,38.27,23389.54,0.11,0.28,39.608,40.205,42.6,35103.61,36098.51,44376.42
2016-07-15,38.75,39.25,38.96,38.05,39565.11,-0.9,-2.26,39.73,40.504,44.801,38243.95,38344.67,44384.62
2016-07-14,40.0,40.24,39.86,39.5,22913.57,-0.34,-0.85,40.156,40.805,46.951,37570.54,38952.25,43574.27
2016-07-13,39.4,40.64,40.2,39.0,33075.64,0.25,0.63,40.352,41.106,48.983,39581.39,43972.19,43434.98
2016-07-12,39.67,39.98,39.95,37.3,56574.21,0.27,0.68,40.494,41.364,50.993,40121.91,46030.54,43014.21
2016-07-11,41.35,41.35,39.68,39.6,39091.22,-1.41,-3.43,40.802,41.697,52.822,37093.41,49198.02,41055.66
2016-07-08,40.85,41.48,41.09,40.8,36198.04,0.25,0.61,41.278,41.929,54.648,38445.39,52384.39,40622.12
2016-07-07,40.69,41.44,40.84,40.05,32967.85,-0.07,-0.17,41.454,41.782,56.826,40333.96,54351.94,41474.97
2016-07-06,41.02,41.85,40.91,40.75,35778.25,-0.58,-1.4,41.86,41.566,59.488,48362.99,53955.89,41647.44
2016-07-05,42.0,42.48,41.49,41.0,41431.69,-0.57,-1.35,42.234,41.394,61.862,51939.17,53817.04,40939.81
2016-07-04,41.11,42.77,42.06,41.0,45851.14,0.09,0.21,42.592,44.995,64.348,61302.62,52654.34,40306.42
2016-07-01,42.1,42.78,41.97,41.7,45640.86,-0.9,-2.1,42.58,49.097,66.886,66323.39,50424.56,39742.33
2016-06-30,45.5,45.7,42.87,42.42,73113.01,0.09,0.21,42.11,53.096,69.153,68369.92,48196.3,39379.81
2016-06-29,43.5,43.59,42.78,42.4,53659.17,-0.5,-1.16,41.272,56.859,71.238,59548.8,42897.77,37033.21
2016-06-28,42.06,44.49,43.28,42.06,88248.93,1.28,3.05,40.554,60.621,72.943,55694.91,39997.88,34911.55
2016-06-27,39.56,42.46,42.0,39.21,70955.0,2.38,6.01,47.398,63.947,74.709,44006.05,32913.3,31319.75
2016-06-24,38.7,40.72,39.62,37.59,55873.5,0.94,2.43,55.614,67.366,76.602,34525.73,28859.85,29057.71
2016-06-23,39.69,39.69,38.68,38.1,29007.38,-0.51,-1.3,64.082,71.87,78.446,28022.68,28598.0,27115.22
2016-06-22,37.5,39.95,39.19,37.42,34389.75,0.59,1.53,72.446,77.409,80.408,26246.74,29338.99,26781.88
2016-06-21,83.5,84.08,77.5,77.0,29804.61,-5.58,-6.72,80.688,82.33,82.333,24300.85,28062.58,26012.13
2016-06-20,82.42,84.13,83.08,79.2,23553.39,1.12,1.37,80.496,83.7,82.248,21820.54,27958.51,25523.23
2016-06-17,80.2,83.72,81.96,80.0,23358.27,1.46,1.81,79.118,84.675,81.728,23193.98,29060.1,25430.79
2016-06-16,81.0,82.53,80.5,78.8,20127.66,0.1,0.12,79.658,85.209,81.121,29173.32,30563.31,24942.85
2016-06-15,76.25,81.58,80.4,75.9,24660.32,3.86,5.04,82.372,85.616,80.79,32431.25,31168.66,24766.22
2016-06-14,74.99,77.43,76.54,74.39,17403.08,0.35,0.46,83.972,85.264,80.417,31824.31,29825.21,24161.13
2016-06-13,80.52,83.0,76.19,76.19,30420.58,-8.47,-10.01,86.904,85.471,80.129,34096.48,29726.21,23748.49
2016-06-08,89.9,89.9,84.66,84.66,53254.98,-9.41,-10.0,90.232,85.837,79.877,34926.22,29255.57,22852.6
2016-06-07,89.0,94.16,94.07,89.0,36417.29,5.67,6.41,90.76,85.022,79.21,31953.3,25632.45,21105.85
2016-06-06,90.18,90.95,88.4,88.0,21625.63,-2.8,-3.07,88.86,83.406,78.207,29906.06,24224.77,20073.01
2016-06-03,91.5,92.8,91.2,89.65,28763.92,-1.63,-1.76,86.556,82.336,77.496,27826.12,23961.67,20270.57
2016-06-02,87.31,93.0,92.83,86.1,34569.27,5.53,6.33,84.038,80.796,76.986,25355.94,23087.95,20777.5
2016-06-01,87.0,89.3,87.3,86.25,38390.37,2.73,3.23,81.442,78.781,76.52,23584.92,21801.48,20091.65
2016-05-31,77.25,84.57,84.57,76.77,26181.12,7.69,10.0,79.284,77.032,76.26,19311.6,19322.38,19595.48
2016-05-30,76.52,79.89,76.88,75.5,11225.9,-1.73,-2.2,77.952,75.963,76.054,18543.48,18363.78,19450.77
2016-05-27,79.85,80.81,78.61,78.55,16413.05,-1.24,-1.55,78.116,75.57,75.866,20097.22,18497.05,19348.29
2016-05-26,75.98,80.0,79.85,73.0,25714.15,3.34,4.37,77.554,74.787,75.668,20819.95,17770.78,19340.89
2016-05-25,78.82,79.88,76.51,76.02,17023.77,-1.4,-1.8,76.12,73.916,75.372,20018.05,16449.63,18535.37
2016-05-24,79.95,80.5,77.91,77.07,22340.52,0.21,0.27,74.78,73.398,75.307,19333.17,16579.25,18169.82
2016-05-23,77.0,78.99,77.7,75.9,18994.63,1.9,2.51,73.974,73.007,75.159,18184.09,15921.26,17741.18
2016-05-20,70.9,75.89,75.8,70.9,20026.67,3.12,4.29,73.024,72.656,74.958,16896.88,16579.46,17573.06
2016-05-19,70.52,74.98,72.68,69.81,21704.66,2.87,4.11,72.02,73.176,74.783,14721.61,18467.05,17395.82
2016-05-18,73.0,73.0,69.81,68.69,13599.37,-4.07,-5.51,71.712,74.258,74.899,12881.2,18381.82,17755.02
2016-05-17,73.0,75.45,73.88,71.03,16595.1,0.93,1.27,72.016,75.488,75.568,13825.33,19868.57,17887.5
2016-05-16,70.78,72.95,72.95,70.5,12558.6,2.17,3.07,72.04,76.144,76.052,13658.43,20537.75,18004.33
2016-05-13,70.55,72.49,70.78,70.11,9150.31,-0.36,-0.51,72.288,76.162,76.806,16262.05,20199.52,17966.48
2016-05-12,70.5,71.7,71.14,66.66,12502.62,-0.19,-0.27,74.332,76.549,77.692,22212.5,20910.99,18292.16
2016-05-11,74.77,75.46,71.33,71.1,18320.01,-2.67,-3.61,76.804,76.828,78.554,23882.43,20621.11,19027.32
2016-05-10,73.3,76.0,74.0,73.3,15760.59,-0.19,-0.26,78.96,77.215,79.321,25911.82,19760.4,19255.06
2016-05-09,79.6,79.65,74.19,73.0,25576.7,-6.81,-8.41,80.248,77.311,80.212,27417.08,19561.11,19808.97
2016-05-06,82.8,88.49,81.0,81.0,38902.57,-2.5,-2.99,80.036,77.26,81.003,24136.99,18566.65,20230.05
2016-05-05,83.21,84.32,83.5,80.8,20852.29,1.39,1.69,78.766,76.389,81.579,19609.49,16324.58,20106.56
2016-05-04,82.0,84.55,82.11,81.81,28466.95,1.67,2.08,76.852,75.54,81.909,17359.79,17128.22,20597.62
2016-05-03,74.85,80.44,80.44,73.14,23286.87,7.31,10.0,75.47,75.648,82.141,13608.97,15906.42,20749.97
2016-04-29,73.9,74.96,73.13,73.01,9176.29,-1.52,-2.04,74.374,75.96,82.366,11705.14,15470.91,20880.99
2016-04-28,74.33,74.99,74.65,70.5,16265.04,0.72,0.97,74.484,77.449,82.911,12996.3,15733.43,22667.31
2016-04-27,75.0,75.05,73.93,73.71,9603.8,-1.27,-1.69,74.012,78.834,83.404,13039.68,15673.32,23367.62
2016-04-26,74.56,75.48,75.2,73.58,9712.86,0.24,0.32,74.228,80.279,83.549,16896.64,17433.54,23945.98
2016-04-25,73.0,75.26,74.96,72.0,13767.73,1.28,1.74,75.826,81.427,83.81,18203.86,18749.72,24569.21
2016-04-22,71.75,74.0,73.68,71.48,15632.09,1.39,1.92,77.546,83.113,84.081,19236.68,20056.83,24779.61
2016-04-21,75.11,76.0,72.29,71.2,16481.91,-2.72,-3.63,80.414,84.745,84.362,18470.56,21893.44,25585.22
2016-04-20,84.13,84.55,75.01,74.87,28888.63,-8.18,-9.83,83.656,86.768,84.887,18306.96,23888.53,26668.95
2016-04-19,84.16,85.5,83.19,81.66,16248.96,-0.37,-0.44,86.33,88.277,84.959,17970.43,24067.03,26277.92
2016-04-18,87.06,87.6,83.56,82.88,18931.8,-4.46,-5.07,87.028,88.634,84.7,19295.58,25593.52,27005.74
2016-04-15,88.31,89.18,88.02,87.08,11801.49,-0.48,-0.54,88.68,88.772,84.759,20876.97,26291.06,27430.69
2016-04-14,88.0,89.48,88.5,86.6,15663.91,0.12,0.14,89.076,88.372,84.578,25316.32,29601.19,28298.98
2016-04-13,87.6,91.5,88.38,84.84,27205.99,1.7,1.96,89.88,87.973,84.348,29470.11,31061.92,29042.21
2016-04-12,90.0,91.4,86.68,85.0,22874.7,-5.14,-5.6,90.224,86.818,84.096,30163.63,30458.43,29156.98
2016-04-11,90.15,94.72,91.82,90.15,26838.78,1.82,2.02,90.24,86.192,83.923,31891.46,30388.69,29575.8
2016-04-08,90.97,95.18,90.0,89.01,33998.24,-2.52,-2.72,88.864,85.048,83.359,31705.15,29502.4,29771.3
2016-04-07,90.13,97.5,92.52,90.13,36432.82,2.42,2.69,87.668,83.978,82.848,33886.05,29277.01,29446.15
2016-04-06,86.25,92.0,90.1,85.5,30673.63,3.34,3.85,86.066,83.006,82.043,32653.73,29449.38,28863.93
2016-04-05,84.75,88.93,86.76,80.1,31513.81,1.82,2.14,83.412,81.641,81.31,30753.23,28488.8,28699.41
2016-04-01,83.9,86.53,84.94,82.5,25907.24,0.92,1.09,82.144,80.765,80.765,28885.93,28417.97,28417.97
2016-03-31,86.0,90.9,84.02,83.9,44902.74,-0.49,-0.58,81.232,80.301,80.301,27299.65,28696.94,28696.94
2016-03-30,77.89,84.51,84.51,76.9,30271.22,7.68,10.0,80.288,79.836,79.836,24667.97,26671.21,26671.21
2016-03-29,80.56,81.2,76.83,74.18,21171.13,-3.59,-4.46,79.946,79.169,79.169,26245.02,26156.93,26156.93
2016-03-28,82.0,84.98,80.42,79.6,22177.33,0.04,0.05,79.87,79.558,79.558,26224.38,26987.89,26987.89
2016-03-25,78.5,80.65,80.38,77.5,17975.83,1.08,1.36,79.386,79.386,79.386,27950.0,27950.0,27950.0
2016-03-24,82.0,82.7,79.3,78.88,31744.32,-3.5,-4.23,79.138,79.138,79.138,30443.55,30443.55,30443.55
2016-03-23,76.31,84.1,82.8,76.11,38156.51,6.35,8.31,79.083,79.083,79.083,30009.96,30009.96,30009.96
2016-03-22,76.0,77.7,76.45,75.4,21067.9,-1.55,-1.99,77.225,77.225,77.225,25936.68,25936.68,25936.68
2016-03-21,76.8,79.0,78.0,75.3,30805.46,2.04,2.69,78.0,78.0,78.0,30805.46,30805.46,30805.46
